Date,Open,High,Low,Close,Volume,DatePart,Year,S1_Pivot_Simple,S2_Pivot_Simple,R1_Pivot_Simple,R2_Pivot_Simple,Day_High,Day_Low,Day_Open,Day_Close,PivotPoint,S1_Pivot_Fibonacci,S2_Pivot_Fibonacci,R1_Pivot_Fibonacci,R2_Pivot_Fibonacci,S3_Pivot_Fibonacci,R3_Pivot_Fibonacci,Order_Status,Order_Signal,Order_Price,Target,Stop_Loss,Hour,Minute
2019-08-05 09:15:00,264.4,264.4,258.5,260.95,980383,2019-08-05,2019,262.2666666666666,260.6333333333333,266.36666666666656,268.83333333333326,267.2,263.1,267.2,263.9,264.7333333333333,263.1671333333333,262.1995333333333,266.2995333333333,267.2671333333333,256.53333333333336,272.9333333333332,,,0.0,0.0,0.0,9,15
2019-08-05 09:20:00,260.95,261.85,260.75,261.65,308210,2019-08-05,2019,262.2666666666666,260.6333333333333,266.36666666666656,268.83333333333326,267.2,263.1,267.2,263.9,264.7333333333333,263.1671333333333,262.1995333333333,266.2995333333333,267.2671333333333,256.53333333333336,272.9333333333332,,,0.0,0.0,0.0,9,20
2019-08-05 09:25:00,261.65,261.85,260.2,260.35,218097,2019-08-05,2019,262.2666666666666,260.6333333333333,266.36666666666656,268.83333333333326,267.2,263.1,267.2,263.9,264.7333333333333,263.1671333333333,262.1995333333333,266.2995333333333,267.2671333333333,256.53333333333336,272.9333333333332,,,0.0,0.0,0.0,9,25
2019-08-05 09:30:00,260.25,260.4,259.35,259.75,295861,2019-08-05,2019,262.2666666666666,260.6333333333333,266.36666666666656,268.83333333333326,267.2,263.1,267.2,263.9,264.7333333333333,263.1671333333333,262.1995333333333,266.2995333333333,267.2671333333333,256.53333333333336,272.9333333333332,,,0.0,0.0,0.0,9,30
2019-08-05 09:35:00,259.75,260.0,259.4,259.55,187792,2019-08-05,2019,262.2666666666666,260.6333333333333,266.36666666666656,268.83333333333326,267.2,263.1,267.2,263.9,264.7333333333333,263.1671333333333,262.1995333333333,266.2995333333333,267.2671333333333,256.53333333333336,272.9333333333332,,,0.0,0.0,0.0,9,35
2019-08-05 09:40:00,259.55,260.1,259.4,259.85,110934,2019-08-05,2019,262.2666666666666,260.6333333333333,266.36666666666656,268.83333333333326,267.2,263.1,267.2,263.9,264.7333333333333,263.1671333333333,262.1995333333333,266.2995333333333,267.2671333333333,256.53333333333336,272.9333333333332,,,0.0,0.0,0.0,9,40
2019-08-05 09:45:00,260.0,260.3,259.6,259.75,109490,2019-08-05,2019,262.2666666666666,260.6333333333333,266.36666666666656,268.83333333333326,267.2,263.1,267.2,263.9,264.7333333333333,263.1671333333333,262.1995333333333,266.2995333333333,267.2671333333333,256.53333333333336,272.9333333333332,,,0.0,0.0,0.0,9,45
2019-08-05 09:50:00,259.7,259.75,258.65,259.45,242138,2019-08-05,2019,262.2666666666666,260.6333333333333,266.36666666666656,268.83333333333326,267.2,263.1,267.2,263.9,264.7333333333333,263.1671333333333,262.1995333333333,266.2995333333333,267.2671333333333,256.53333333333336,272.9333333333332,,,0.0,0.0,0.0,9,50
2019-08-05 09:55:00,259.55,260.0,259.3,259.75,80740,2019-08-05,2019,262.2666666666666,260.6333333333333,266.36666666666656,268.83333333333326,267.2,263.1,267.2,263.9,264.7333333333333,263.1671333333333,262.1995333333333,266.2995333333333,267.2671333333333,256.53333333333336,272.9333333333332,,,0.0,0.0,0.0,9,55
2019-08-05 10:00:00,259.65,260.0,259.6,259.6,97761,2019-08-05,2019,262.2666666666666,260.6333333333333,266.36666666666656,268.83333333333326,267.2,263.1,267.2,263.9,264.7333333333333,263.1671333333333,262.1995333333333,266.2995333333333,267.2671333333333,256.53333333333336,272.9333333333332,,,0.0,0.0,0.0,10,0
2019-08-05 10:05:00,259.65,260.0,259.5,259.8,99467,2019-08-05,2019,262.2666666666666,260.6333333333333,266.36666666666656,268.83333333333326,267.2,263.1,267.2,263.9,264.7333333333333,263.1671333333333,262.1995333333333,266.2995333333333,267.2671333333333,256.53333333333336,272.9333333333332,,,0.0,0.0,0.0,10,5
2019-08-05 10:10:00,259.9,260.0,259.7,259.75,76718,2019-08-05,2019,262.2666666666666,260.6333333333333,266.36666666666656,268.83333333333326,267.2,263.1,267.2,263.9,264.7333333333333,263.1671333333333,262.1995333333333,266.2995333333333,267.2671333333333,256.53333333333336,272.9333333333332,,,0.0,0.0,0.0,10,10
2019-08-05 10:15:00,259.75,259.75,259.0,259.1,126814,2019-08-05,2019,262.2666666666666,260.6333333333333,266.36666666666656,268.83333333333326,267.2,263.1,267.2,263.9,264.7333333333333,263.1671333333333,262.1995333333333,266.2995333333333,267.2671333333333,256.53333333333336,272.9333333333332,,,0.0,0.0,0.0,10,15
2019-08-05 10:20:00,259.1,259.3,258.7,258.7,138163,2019-08-05,2019,262.2666666666666,260.6333333333333,266.36666666666656,268.83333333333326,267.2,263.1,267.2,263.9,264.7333333333333,263.1671333333333,262.1995333333333,266.2995333333333,267.2671333333333,256.53333333333336,272.9333333333332,,,0.0,0.0,0.0,10,20
2019-08-05 10:25:00,258.75,259.2,258.65,259.05,123111,2019-08-05,2019,262.2666666666666,260.6333333333333,266.36666666666656,268.83333333333326,267.2,263.1,267.2,263.9,264.7333333333333,263.1671333333333,262.1995333333333,266.2995333333333,267.2671333333333,256.53333333333336,272.9333333333332,,,0.0,0.0,0.0,10,25
2019-08-05 10:30:00,259.05,259.1,258.75,259.1,108424,2019-08-05,2019,262.2666666666666,260.6333333333333,266.36666666666656,268.83333333333326,267.2,263.1,267.2,263.9,264.7333333333333,263.1671333333333,262.1995333333333,266.2995333333333,267.2671333333333,256.53333333333336,272.9333333333332,,,0.0,0.0,0.0,10,30
2019-08-05 10:35:00,259.1,259.15,258.65,258.9,82854,2019-08-05,2019,262.2666666666666,260.6333333333333,266.36666666666656,268.83333333333326,267.2,263.1,267.2,263.9,264.7333333333333,263.1671333333333,262.1995333333333,266.2995333333333,267.2671333333333,256.53333333333336,272.9333333333332,,,0.0,0.0,0.0,10,35
2019-08-05 10:40:00,258.9,258.9,258.05,258.55,237983,2019-08-05,2019,262.2666666666666,260.6333333333333,266.36666666666656,268.83333333333326,267.2,263.1,267.2,263.9,264.7333333333333,263.1671333333333,262.1995333333333,266.2995333333333,267.2671333333333,256.53333333333336,272.9333333333332,,,0.0,0.0,0.0,10,40
2019-08-05 10:45:00,258.6,258.6,258.05,258.15,97189,2019-08-05,2019,262.2666666666666,260.6333333333333,266.36666666666656,268.83333333333326,267.2,263.1,267.2,263.9,264.7333333333333,263.1671333333333,262.1995333333333,266.2995333333333,267.2671333333333,256.53333333333336,272.9333333333332,,,0.0,0.0,0.0,10,45
2019-08-05 10:50:00,258.15,258.5,258.0,258.25,151802,2019-08-05,2019,262.2666666666666,260.6333333333333,266.36666666666656,268.83333333333326,267.2,263.1,267.2,263.9,264.7333333333333,263.1671333333333,262.1995333333333,266.2995333333333,267.2671333333333,256.53333333333336,272.9333333333332,,,0.0,0.0,0.0,10,50
2019-08-05 10:55:00,258.3,258.55,257.65,258.55,149054,2019-08-05,2019,262.2666666666666,260.6333333333333,266.36666666666656,268.83333333333326,267.2,263.1,267.2,263.9,264.7333333333333,263.1671333333333,262.1995333333333,266.2995333333333,267.2671333333333,256.53333333333336,272.9333333333332,,,0.0,0.0,0.0,10,55
2019-08-05 11:00:00,258.5,259.5,258.4,259.15,128516,2019-08-05,2019,262.2666666666666,260.6333333333333,266.36666666666656,268.83333333333326,267.2,263.1,267.2,263.9,264.7333333333333,263.1671333333333,262.1995333333333,266.2995333333333,267.2671333333333,256.53333333333336,272.9333333333332,,,0.0,0.0,0.0,11,0
2019-08-05 11:05:00,259.15,259.75,259.1,259.1,103685,2019-08-05,2019,262.2666666666666,260.6333333333333,266.36666666666656,268.83333333333326,267.2,263.1,267.2,263.9,264.7333333333333,263.1671333333333,262.1995333333333,266.2995333333333,267.2671333333333,256.53333333333336,272.9333333333332,,,0.0,0.0,0.0,11,5
2019-08-05 11:10:00,259.15,259.5,258.6,258.7,84378,2019-08-05,2019,262.2666666666666,260.6333333333333,266.36666666666656,268.83333333333326,267.2,263.1,267.2,263.9,264.7333333333333,263.1671333333333,262.1995333333333,266.2995333333333,267.2671333333333,256.53333333333336,272.9333333333332,,,0.0,0.0,0.0,11,10
2019-08-05 11:15:00,258.7,258.85,257.85,258.3,69457,2019-08-05,2019,262.2666666666666,260.6333333333333,266.36666666666656,268.83333333333326,267.2,263.1,267.2,263.9,264.7333333333333,263.1671333333333,262.1995333333333,266.2995333333333,267.2671333333333,256.53333333333336,272.9333333333332,,,0.0,0.0,0.0,11,15
2019-08-05 11:20:00,258.3,259.1,258.0,259.0,65946,2019-08-05,2019,262.2666666666666,260.6333333333333,266.36666666666656,268.83333333333326,267.2,263.1,267.2,263.9,264.7333333333333,263.1671333333333,262.1995333333333,266.2995333333333,267.2671333333333,256.53333333333336,272.9333333333332,,,0.0,0.0,0.0,11,20
2019-08-05 11:25:00,259.05,259.3,258.75,259.15,57821,2019-08-05,2019,262.2666666666666,260.6333333333333,266.36666666666656,268.83333333333326,267.2,263.1,267.2,263.9,264.7333333333333,263.1671333333333,262.1995333333333,266.2995333333333,267.2671333333333,256.53333333333336,272.9333333333332,,,0.0,0.0,0.0,11,25
2019-08-05 11:30:00,259.1,259.35,258.75,258.75,75185,2019-08-05,2019,262.2666666666666,260.6333333333333,266.36666666666656,268.83333333333326,267.2,263.1,267.2,263.9,264.7333333333333,263.1671333333333,262.1995333333333,266.2995333333333,267.2671333333333,256.53333333333336,272.9333333333332,,,0.0,0.0,0.0,11,30
2019-08-05 11:35:00,258.75,259.55,258.7,259.3,88226,2019-08-05,2019,262.2666666666666,260.6333333333333,266.36666666666656,268.83333333333326,267.2,263.1,267.2,263.9,264.7333333333333,263.1671333333333,262.1995333333333,266.2995333333333,267.2671333333333,256.53333333333336,272.9333333333332,,,0.0,0.0,0.0,11,35
2019-08-05 11:40:00,259.3,259.6,258.8,258.85,60765,2019-08-05,2019,262.2666666666666,260.6333333333333,266.36666666666656,268.83333333333326,267.2,263.1,267.2,263.9,264.7333333333333,263.1671333333333,262.1995333333333,266.2995333333333,267.2671333333333,256.53333333333336,272.9333333333332,,,0.0,0.0,0.0,11,40
2019-08-05 11:45:00,258.9,259.1,258.3,258.55,67361,2019-08-05,2019,262.2666666666666,260.6333333333333,266.36666666666656,268.83333333333326,267.2,263.1,267.2,263.9,264.7333333333333,263.1671333333333,262.1995333333333,266.2995333333333,267.2671333333333,256.53333333333336,272.9333333333332,,,0.0,0.0,0.0,11,45
2019-08-05 11:50:00,258.5,258.75,258.15,258.5,129475,2019-08-05,2019,262.2666666666666,260.6333333333333,266.36666666666656,268.83333333333326,267.2,263.1,267.2,263.9,264.7333333333333,263.1671333333333,262.1995333333333,266.2995333333333,267.2671333333333,256.53333333333336,272.9333333333332,,,0.0,0.0,0.0,11,50
2019-08-05 11:55:00,258.55,259.2,258.4,259.0,60917,2019-08-05,2019,262.2666666666666,260.6333333333333,266.36666666666656,268.83333333333326,267.2,263.1,267.2,263.9,264.7333333333333,263.1671333333333,262.1995333333333,266.2995333333333,267.2671333333333,256.53333333333336,272.9333333333332,,,0.0,0.0,0.0,11,55
2019-08-05 12:00:00,259.0,259.55,258.8,259.25,88019,2019-08-05,2019,262.2666666666666,260.6333333333333,266.36666666666656,268.83333333333326,267.2,263.1,267.2,263.9,264.7333333333333,263.1671333333333,262.1995333333333,266.2995333333333,267.2671333333333,256.53333333333336,272.9333333333332,,,0.0,0.0,0.0,12,0
2019-08-05 12:05:00,259.15,259.25,258.75,259.0,51802,2019-08-05,2019,262.2666666666666,260.6333333333333,266.36666666666656,268.83333333333326,267.2,263.1,267.2,263.9,264.7333333333333,263.1671333333333,262.1995333333333,266.2995333333333,267.2671333333333,256.53333333333336,272.9333333333332,,,0.0,0.0,0.0,12,5
2019-08-05 12:10:00,259.05,259.3,258.7,258.95,65220,2019-08-05,2019,262.2666666666666,260.6333333333333,266.36666666666656,268.83333333333326,267.2,263.1,267.2,263.9,264.7333333333333,263.1671333333333,262.1995333333333,266.2995333333333,267.2671333333333,256.53333333333336,272.9333333333332,,,0.0,0.0,0.0,12,10
2019-08-05 12:15:00,258.95,259.0,258.4,258.5,69443,2019-08-05,2019,262.2666666666666,260.6333333333333,266.36666666666656,268.83333333333326,267.2,263.1,267.2,263.9,264.7333333333333,263.1671333333333,262.1995333333333,266.2995333333333,267.2671333333333,256.53333333333336,272.9333333333332,,,0.0,0.0,0.0,12,15
2019-08-05 12:20:00,258.5,258.9,258.3,258.5,87966,2019-08-05,2019,262.2666666666666,260.6333333333333,266.36666666666656,268.83333333333326,267.2,263.1,267.2,263.9,264.7333333333333,263.1671333333333,262.1995333333333,266.2995333333333,267.2671333333333,256.53333333333336,272.9333333333332,,,0.0,0.0,0.0,12,20
2019-08-05 12:25:00,258.5,258.95,258.35,258.75,110815,2019-08-05,2019,262.2666666666666,260.6333333333333,266.36666666666656,268.83333333333326,267.2,263.1,267.2,263.9,264.7333333333333,263.1671333333333,262.1995333333333,266.2995333333333,267.2671333333333,256.53333333333336,272.9333333333332,,,0.0,0.0,0.0,12,25
2019-08-05 12:30:00,258.8,259.1,258.45,259.05,101965,2019-08-05,2019,262.2666666666666,260.6333333333333,266.36666666666656,268.83333333333326,267.2,263.1,267.2,263.9,264.7333333333333,263.1671333333333,262.1995333333333,266.2995333333333,267.2671333333333,256.53333333333336,272.9333333333332,,,0.0,0.0,0.0,12,30
2019-08-05 12:35:00,259.05,259.9,259.05,259.8,163722,2019-08-05,2019,262.2666666666666,260.6333333333333,266.36666666666656,268.83333333333326,267.2,263.1,267.2,263.9,264.7333333333333,263.1671333333333,262.1995333333333,266.2995333333333,267.2671333333333,256.53333333333336,272.9333333333332,,,0.0,0.0,0.0,12,35
2019-08-05 12:40:00,259.8,260.2,259.65,260.0,229859,2019-08-05,2019,262.2666666666666,260.6333333333333,266.36666666666656,268.83333333333326,267.2,263.1,267.2,263.9,264.7333333333333,263.1671333333333,262.1995333333333,266.2995333333333,267.2671333333333,256.53333333333336,272.9333333333332,,,0.0,0.0,0.0,12,40
2019-08-05 12:45:00,260.05,260.65,260.05,260.15,212651,2019-08-05,2019,262.2666666666666,260.6333333333333,266.36666666666656,268.83333333333326,267.2,263.1,267.2,263.9,264.7333333333333,263.1671333333333,262.1995333333333,266.2995333333333,267.2671333333333,256.53333333333336,272.9333333333332,,,0.0,0.0,0.0,12,45
2019-08-05 12:50:00,260.15,260.4,260.0,260.0,54503,2019-08-05,2019,262.2666666666666,260.6333333333333,266.36666666666656,268.83333333333326,267.2,263.1,267.2,263.9,264.7333333333333,263.1671333333333,262.1995333333333,266.2995333333333,267.2671333333333,256.53333333333336,272.9333333333332,,,0.0,0.0,0.0,12,50
2019-08-05 12:55:00,260.0,260.25,259.9,260.05,99581,2019-08-05,2019,262.2666666666666,260.6333333333333,266.36666666666656,268.83333333333326,267.2,263.1,267.2,263.9,264.7333333333333,263.1671333333333,262.1995333333333,266.2995333333333,267.2671333333333,256.53333333333336,272.9333333333332,,,0.0,0.0,0.0,12,55
2019-08-05 13:00:00,260.1,260.15,260.0,260.05,133602,2019-08-05,2019,262.2666666666666,260.6333333333333,266.36666666666656,268.83333333333326,267.2,263.1,267.2,263.9,264.7333333333333,263.1671333333333,262.1995333333333,266.2995333333333,267.2671333333333,256.53333333333336,272.9333333333332,,,0.0,0.0,0.0,13,0
2019-08-05 13:05:00,260.0,260.2,260.0,260.1,181920,2019-08-05,2019,262.2666666666666,260.6333333333333,266.36666666666656,268.83333333333326,267.2,263.1,267.2,263.9,264.7333333333333,263.1671333333333,262.1995333333333,266.2995333333333,267.2671333333333,256.53333333333336,272.9333333333332,,,0.0,0.0,0.0,13,5
2019-08-05 13:10:00,260.15,260.2,259.2,259.3,96052,2019-08-05,2019,262.2666666666666,260.6333333333333,266.36666666666656,268.83333333333326,267.2,263.1,267.2,263.9,264.7333333333333,263.1671333333333,262.1995333333333,266.2995333333333,267.2671333333333,256.53333333333336,272.9333333333332,,,0.0,0.0,0.0,13,10
2019-08-05 13:15:00,259.35,259.6,259.15,259.25,63198,2019-08-05,2019,262.2666666666666,260.6333333333333,266.36666666666656,268.83333333333326,267.2,263.1,267.2,263.9,264.7333333333333,263.1671333333333,262.1995333333333,266.2995333333333,267.2671333333333,256.53333333333336,272.9333333333332,,,0.0,0.0,0.0,13,15
2019-08-05 13:20:00,259.3,259.55,259.15,259.35,64074,2019-08-05,2019,262.2666666666666,260.6333333333333,266.36666666666656,268.83333333333326,267.2,263.1,267.2,263.9,264.7333333333333,263.1671333333333,262.1995333333333,266.2995333333333,267.2671333333333,256.53333333333336,272.9333333333332,,,0.0,0.0,0.0,13,20
2019-08-05 13:25:00,259.35,260.1,259.3,260.05,118452,2019-08-05,2019,262.2666666666666,260.6333333333333,266.36666666666656,268.83333333333326,267.2,263.1,267.2,263.9,264.7333333333333,263.1671333333333,262.1995333333333,266.2995333333333,267.2671333333333,256.53333333333336,272.9333333333332,,,0.0,0.0,0.0,13,25
2019-08-05 13:30:00,260.05,260.15,259.55,259.6,115544,2019-08-05,2019,262.2666666666666,260.6333333333333,266.36666666666656,268.83333333333326,267.2,263.1,267.2,263.9,264.7333333333333,263.1671333333333,262.1995333333333,266.2995333333333,267.2671333333333,256.53333333333336,272.9333333333332,,,0.0,0.0,0.0,13,30
2019-08-05 13:35:00,259.6,259.65,258.75,258.9,119573,2019-08-05,2019,262.2666666666666,260.6333333333333,266.36666666666656,268.83333333333326,267.2,263.1,267.2,263.9,264.7333333333333,263.1671333333333,262.1995333333333,266.2995333333333,267.2671333333333,256.53333333333336,272.9333333333332,,,0.0,0.0,0.0,13,35
2019-08-05 13:40:00,258.9,259.45,258.9,259.2,142403,2019-08-05,2019,262.2666666666666,260.6333333333333,266.36666666666656,268.83333333333326,267.2,263.1,267.2,263.9,264.7333333333333,263.1671333333333,262.1995333333333,266.2995333333333,267.2671333333333,256.53333333333336,272.9333333333332,,,0.0,0.0,0.0,13,40
2019-08-05 13:45:00,259.25,259.35,259.15,259.2,156202,2019-08-05,2019,262.2666666666666,260.6333333333333,266.36666666666656,268.83333333333326,267.2,263.1,267.2,263.9,264.7333333333333,263.1671333333333,262.1995333333333,266.2995333333333,267.2671333333333,256.53333333333336,272.9333333333332,,,0.0,0.0,0.0,13,45
2019-08-05 13:50:00,259.15,259.6,259.15,259.45,117777,2019-08-05,2019,262.2666666666666,260.6333333333333,266.36666666666656,268.83333333333326,267.2,263.1,267.2,263.9,264.7333333333333,263.1671333333333,262.1995333333333,266.2995333333333,267.2671333333333,256.53333333333336,272.9333333333332,,,0.0,0.0,0.0,13,50
2019-08-05 13:55:00,259.5,259.5,259.15,259.35,129002,2019-08-05,2019,262.2666666666666,260.6333333333333,266.36666666666656,268.83333333333326,267.2,263.1,267.2,263.9,264.7333333333333,263.1671333333333,262.1995333333333,266.2995333333333,267.2671333333333,256.53333333333336,272.9333333333332,,,0.0,0.0,0.0,13,55
2019-08-05 14:00:00,259.35,259.6,259.15,259.5,125273,2019-08-05,2019,262.2666666666666,260.6333333333333,266.36666666666656,268.83333333333326,267.2,263.1,267.2,263.9,264.7333333333333,263.1671333333333,262.1995333333333,266.2995333333333,267.2671333333333,256.53333333333336,272.9333333333332,,,0.0,0.0,0.0,14,0
2019-08-05 14:05:00,259.55,260.25,259.45,260.15,165773,2019-08-05,2019,262.2666666666666,260.6333333333333,266.36666666666656,268.83333333333326,267.2,263.1,267.2,263.9,264.7333333333333,263.1671333333333,262.1995333333333,266.2995333333333,267.2671333333333,256.53333333333336,272.9333333333332,,,0.0,0.0,0.0,14,5
2019-08-05 14:10:00,260.15,260.65,260.0,260.15,177411,2019-08-05,2019,262.2666666666666,260.6333333333333,266.36666666666656,268.83333333333326,267.2,263.1,267.2,263.9,264.7333333333333,263.1671333333333,262.1995333333333,266.2995333333333,267.2671333333333,256.53333333333336,272.9333333333332,,,0.0,0.0,0.0,14,10
2019-08-05 14:15:00,260.2,260.2,259.8,259.95,92769,2019-08-05,2019,262.2666666666666,260.6333333333333,266.36666666666656,268.83333333333326,267.2,263.1,267.2,263.9,264.7333333333333,263.1671333333333,262.1995333333333,266.2995333333333,267.2671333333333,256.53333333333336,272.9333333333332,,,0.0,0.0,0.0,14,15
2019-08-05 14:20:00,259.9,260.15,259.8,260.05,142534,2019-08-05,2019,262.2666666666666,260.6333333333333,266.36666666666656,268.83333333333326,267.2,263.1,267.2,263.9,264.7333333333333,263.1671333333333,262.1995333333333,266.2995333333333,267.2671333333333,256.53333333333336,272.9333333333332,,,0.0,0.0,0.0,14,20
2019-08-05 14:25:00,260.1,260.3,259.55,260.0,116763,2019-08-05,2019,262.2666666666666,260.6333333333333,266.36666666666656,268.83333333333326,267.2,263.1,267.2,263.9,264.7333333333333,263.1671333333333,262.1995333333333,266.2995333333333,267.2671333333333,256.53333333333336,272.9333333333332,,,0.0,0.0,0.0,14,25
2019-08-05 14:30:00,259.95,260.05,259.5,259.65,138959,2019-08-05,2019,262.2666666666666,260.6333333333333,266.36666666666656,268.83333333333326,267.2,263.1,267.2,263.9,264.7333333333333,263.1671333333333,262.1995333333333,266.2995333333333,267.2671333333333,256.53333333333336,272.9333333333332,,,0.0,0.0,0.0,14,30
2019-08-05 14:35:00,259.65,260.0,259.55,259.95,87222,2019-08-05,2019,262.2666666666666,260.6333333333333,266.36666666666656,268.83333333333326,267.2,263.1,267.2,263.9,264.7333333333333,263.1671333333333,262.1995333333333,266.2995333333333,267.2671333333333,256.53333333333336,272.9333333333332,,,0.0,0.0,0.0,14,35
2019-08-05 14:40:00,259.95,260.0,259.6,259.9,70355,2019-08-05,2019,262.2666666666666,260.6333333333333,266.36666666666656,268.83333333333326,267.2,263.1,267.2,263.9,264.7333333333333,263.1671333333333,262.1995333333333,266.2995333333333,267.2671333333333,256.53333333333336,272.9333333333332,,,0.0,0.0,0.0,14,40
2019-08-05 14:45:00,259.95,259.95,259.5,259.65,69410,2019-08-05,2019,262.2666666666666,260.6333333333333,266.36666666666656,268.83333333333326,267.2,263.1,267.2,263.9,264.7333333333333,263.1671333333333,262.1995333333333,266.2995333333333,267.2671333333333,256.53333333333336,272.9333333333332,,,0.0,0.0,0.0,14,45
2019-08-05 14:50:00,259.6,259.8,259.5,259.7,114944,2019-08-05,2019,262.2666666666666,260.6333333333333,266.36666666666656,268.83333333333326,267.2,263.1,267.2,263.9,264.7333333333333,263.1671333333333,262.1995333333333,266.2995333333333,267.2671333333333,256.53333333333336,272.9333333333332,,,0.0,0.0,0.0,14,50
2019-08-05 14:55:00,259.75,259.8,259.5,259.5,96501,2019-08-05,2019,262.2666666666666,260.6333333333333,266.36666666666656,268.83333333333326,267.2,263.1,267.2,263.9,264.7333333333333,263.1671333333333,262.1995333333333,266.2995333333333,267.2671333333333,256.53333333333336,272.9333333333332,,,0.0,0.0,0.0,14,55
2019-08-05 15:00:00,259.5,259.7,259.5,259.65,176032,2019-08-05,2019,262.2666666666666,260.6333333333333,266.36666666666656,268.83333333333326,267.2,263.1,267.2,263.9,264.7333333333333,263.1671333333333,262.1995333333333,266.2995333333333,267.2671333333333,256.53333333333336,272.9333333333332,,,0.0,0.0,0.0,15,0
2019-08-05 15:05:00,259.7,259.7,259.15,259.15,225058,2019-08-05,2019,262.2666666666666,260.6333333333333,266.36666666666656,268.83333333333326,267.2,263.1,267.2,263.9,264.7333333333333,263.1671333333333,262.1995333333333,266.2995333333333,267.2671333333333,256.53333333333336,272.9333333333332,,,0.0,0.0,0.0,15,5
2019-08-05 15:10:00,259.2,259.45,258.55,259.25,391470,2019-08-05,2019,262.2666666666666,260.6333333333333,266.36666666666656,268.83333333333326,267.2,263.1,267.2,263.9,264.7333333333333,263.1671333333333,262.1995333333333,266.2995333333333,267.2671333333333,256.53333333333336,272.9333333333332,,,0.0,0.0,0.0,15,10
2019-08-05 15:15:00,259.25,260.2,259.05,260.1,509397,2019-08-05,2019,262.2666666666666,260.6333333333333,266.36666666666656,268.83333333333326,267.2,263.1,267.2,263.9,264.7333333333333,263.1671333333333,262.1995333333333,266.2995333333333,267.2671333333333,256.53333333333336,272.9333333333332,,,0.0,0.0,0.0,15,15
2019-08-05 15:20:00,260.05,260.95,260.0,260.4,785988,2019-08-05,2019,262.2666666666666,260.6333333333333,266.36666666666656,268.83333333333326,267.2,263.1,267.2,263.9,264.7333333333333,263.1671333333333,262.1995333333333,266.2995333333333,267.2671333333333,256.53333333333336,272.9333333333332,,,0.0,0.0,0.0,15,20
2019-08-05 15:25:00,260.5,260.55,259.25,259.75,174747,2019-08-05,2019,262.2666666666666,260.6333333333333,266.36666666666656,268.83333333333326,267.2,263.1,267.2,263.9,264.7333333333333,263.1671333333333,262.1995333333333,266.2995333333333,267.2671333333333,256.53333333333336,272.9333333333332,,,0.0,0.0,0.0,15,25
2019-08-06 09:15:00,258.75,259.4,258.55,258.9,355884,2019-08-06,2019,256.79999999999995,253.84999999999997,263.54999999999995,267.34999999999997,264.4,257.65,264.4,259.75,260.59999999999997,258.02149999999995,256.4285,263.1785,264.77149999999995,247.09999999999997,274.09999999999997,,,0.0,0.0,0.0,9,15
2019-08-06 09:20:00,258.9,259.5,258.6,259.5,253508,2019-08-06,2019,256.79999999999995,253.84999999999997,263.54999999999995,267.34999999999997,264.4,257.65,264.4,259.75,260.59999999999997,258.02149999999995,256.4285,263.1785,264.77149999999995,247.09999999999997,274.09999999999997,Entry,Buy,259.5,263.1785,258.55,9,20
2019-08-06 09:25:00,259.5,260.4,259.45,260.3,225818,2019-08-06,2019,256.79999999999995,253.84999999999997,263.54999999999995,267.34999999999997,264.4,257.65,264.4,259.75,260.59999999999997,258.02149999999995,256.4285,263.1785,264.77149999999995,247.09999999999997,274.09999999999997,,,0.0,0.0,0.0,9,25
2019-08-06 09:30:00,260.35,260.35,259.7,260.2,196697,2019-08-06,2019,256.79999999999995,253.84999999999997,263.54999999999995,267.34999999999997,264.4,257.65,264.4,259.75,260.59999999999997,258.02149999999995,256.4285,263.1785,264.77149999999995,247.09999999999997,274.09999999999997,,,0.0,0.0,0.0,9,30
2019-08-06 09:35:00,260.15,261.0,260.0,260.85,264954,2019-08-06,2019,256.79999999999995,253.84999999999997,263.54999999999995,267.34999999999997,264.4,257.65,264.4,259.75,260.59999999999997,258.02149999999995,256.4285,263.1785,264.77149999999995,247.09999999999997,274.09999999999997,,,0.0,0.0,0.0,9,35
2019-08-06 09:40:00,260.85,260.85,260.0,260.0,129520,2019-08-06,2019,256.79999999999995,253.84999999999997,263.54999999999995,267.34999999999997,264.4,257.65,264.4,259.75,260.59999999999997,258.02149999999995,256.4285,263.1785,264.77149999999995,247.09999999999997,274.09999999999997,Exit,Sell,260.7975,258.81899999999996,261.0,9,40
2019-08-06 09:45:00,260.0,260.15,259.9,259.95,103058,2019-08-06,2019,256.79999999999995,253.84999999999997,263.54999999999995,267.34999999999997,264.4,257.65,264.4,259.75,260.59999999999997,258.02149999999995,256.4285,263.1785,264.77149999999995,247.09999999999997,274.09999999999997,,,0.0,0.0,0.0,9,45
2019-08-06 09:50:00,260.0,260.55,259.9,260.25,146575,2019-08-06,2019,256.79999999999995,253.84999999999997,263.54999999999995,267.34999999999997,264.4,257.65,264.4,259.75,260.59999999999997,258.02149999999995,256.4285,263.1785,264.77149999999995,247.09999999999997,274.09999999999997,,,0.0,0.0,0.0,9,50
2019-08-06 09:55:00,260.35,260.35,260.1,260.1,106483,2019-08-06,2019,256.79999999999995,253.84999999999997,263.54999999999995,267.34999999999997,264.4,257.65,264.4,259.75,260.59999999999997,258.02149999999995,256.4285,263.1785,264.77149999999995,247.09999999999997,274.09999999999997,,,0.0,0.0,0.0,9,55
2019-08-06 10:00:00,260.15,260.2,260.0,260.15,103457,2019-08-06,2019,256.79999999999995,253.84999999999997,263.54999999999995,267.34999999999997,264.4,257.65,264.4,259.75,260.59999999999997,258.02149999999995,256.4285,263.1785,264.77149999999995,247.09999999999997,274.09999999999997,,,0.0,0.0,0.0,10,0
2019-08-06 10:05:00,260.15,260.25,259.95,260.2,102456,2019-08-06,2019,256.79999999999995,253.84999999999997,263.54999999999995,267.34999999999997,264.4,257.65,264.4,259.75,260.59999999999997,258.02149999999995,256.4285,263.1785,264.77149999999995,247.09999999999997,274.09999999999997,,,0.0,0.0,0.0,10,5
2019-08-06 10:10:00,260.25,260.5,260.1,260.3,106796,2019-08-06,2019,256.79999999999995,253.84999999999997,263.54999999999995,267.34999999999997,264.4,257.65,264.4,259.75,260.59999999999997,258.02149999999995,256.4285,263.1785,264.77149999999995,247.09999999999997,274.09999999999997,,,0.0,0.0,0.0,10,10
2019-08-06 10:15:00,260.2,260.3,260.0,260.1,89082,2019-08-06,2019,256.79999999999995,253.84999999999997,263.54999999999995,267.34999999999997,264.4,257.65,264.4,259.75,260.59999999999997,258.02149999999995,256.4285,263.1785,264.77149999999995,247.09999999999997,274.09999999999997,,,0.0,0.0,0.0,10,15
2019-08-06 10:20:00,260.15,260.4,260.1,260.25,90956,2019-08-06,2019,256.79999999999995,253.84999999999997,263.54999999999995,267.34999999999997,264.4,257.65,264.4,259.75,260.59999999999997,258.02149999999995,256.4285,263.1785,264.77149999999995,247.09999999999997,274.09999999999997,,,0.0,0.0,0.0,10,20
2019-08-06 10:25:00,260.25,260.35,259.8,259.9,100802,2019-08-06,2019,256.79999999999995,253.84999999999997,263.54999999999995,267.34999999999997,264.4,257.65,264.4,259.75,260.59999999999997,258.02149999999995,256.4285,263.1785,264.77149999999995,247.09999999999997,274.09999999999997,,,0.0,0.0,0.0,10,25
2019-08-06 10:30:00,259.9,260.0,259.55,259.9,125477,2019-08-06,2019,256.79999999999995,253.84999999999997,263.54999999999995,267.34999999999997,264.4,257.65,264.4,259.75,260.59999999999997,258.02149999999995,256.4285,263.1785,264.77149999999995,247.09999999999997,274.09999999999997,,,0.0,0.0,0.0,10,30
2019-08-06 10:35:00,259.95,259.95,259.8,259.9,62438,2019-08-06,2019,256.79999999999995,253.84999999999997,263.54999999999995,267.34999999999997,264.4,257.65,264.4,259.75,260.59999999999997,258.02149999999995,256.4285,263.1785,264.77149999999995,247.09999999999997,274.09999999999997,,,0.0,0.0,0.0,10,35
2019-08-06 10:40:00,259.95,260.05,259.8,260.0,63702,2019-08-06,2019,256.79999999999995,253.84999999999997,263.54999999999995,267.34999999999997,264.4,257.65,264.4,259.75,260.59999999999997,258.02149999999995,256.4285,263.1785,264.77149999999995,247.09999999999997,274.09999999999997,,,0.0,0.0,0.0,10,40
2019-08-06 10:45:00,260.0,260.25,260.0,260.2,58236,2019-08-06,2019,256.79999999999995,253.84999999999997,263.54999999999995,267.34999999999997,264.4,257.65,264.4,259.75,260.59999999999997,258.02149999999995,256.4285,263.1785,264.77149999999995,247.09999999999997,274.09999999999997,,,0.0,0.0,0.0,10,45
2019-08-06 10:50:00,260.25,260.25,259.95,260.1,59895,2019-08-06,2019,256.79999999999995,253.84999999999997,263.54999999999995,267.34999999999997,264.4,257.65,264.4,259.75,260.59999999999997,258.02149999999995,256.4285,263.1785,264.77149999999995,247.09999999999997,274.09999999999997,,,0.0,0.0,0.0,10,50
2019-08-06 10:55:00,260.1,260.2,259.9,260.1,55846,2019-08-06,2019,256.79999999999995,253.84999999999997,263.54999999999995,267.34999999999997,264.4,257.65,264.4,259.75,260.59999999999997,258.02149999999995,256.4285,263.1785,264.77149999999995,247.09999999999997,274.09999999999997,,,0.0,0.0,0.0,10,55
2019-08-06 11:00:00,260.1,260.15,259.7,259.7,62163,2019-08-06,2019,256.79999999999995,253.84999999999997,263.54999999999995,267.34999999999997,264.4,257.65,264.4,259.75,260.59999999999997,258.02149999999995,256.4285,263.1785,264.77149999999995,247.09999999999997,274.09999999999997,,,0.0,0.0,0.0,11,0
2019-08-06 11:05:00,259.7,259.95,259.2,259.2,89991,2019-08-06,2019,256.79999999999995,253.84999999999997,263.54999999999995,267.34999999999997,264.4,257.65,264.4,259.75,260.59999999999997,258.02149999999995,256.4285,263.1785,264.77149999999995,247.09999999999997,274.09999999999997,,,0.0,0.0,0.0,11,5
2019-08-06 11:10:00,259.25,259.45,259.1,259.2,89381,2019-08-06,2019,256.79999999999995,253.84999999999997,263.54999999999995,267.34999999999997,264.4,257.65,264.4,259.75,260.59999999999997,258.02149999999995,256.4285,263.1785,264.77149999999995,247.09999999999997,274.09999999999997,,,0.0,0.0,0.0,11,10
2019-08-06 11:15:00,259.2,259.5,259.15,259.25,58774,2019-08-06,2019,256.79999999999995,253.84999999999997,263.54999999999995,267.34999999999997,264.4,257.65,264.4,259.75,260.59999999999997,258.02149999999995,256.4285,263.1785,264.77149999999995,247.09999999999997,274.09999999999997,Exit,Buy,259.4935125,260.8435125,258.55,11,15
2019-08-06 11:20:00,259.25,259.3,259.05,259.15,75783,2019-08-06,2019,256.79999999999995,253.84999999999997,263.54999999999995,267.34999999999997,264.4,257.65,264.4,259.75,260.59999999999997,258.02149999999995,256.4285,263.1785,264.77149999999995,247.09999999999997,274.09999999999997,,,0.0,0.0,0.0,11,20
2019-08-06 11:25:00,259.05,259.2,259.05,259.1,53845,2019-08-06,2019,256.79999999999995,253.84999999999997,263.54999999999995,267.34999999999997,264.4,257.65,264.4,259.75,260.59999999999997,258.02149999999995,256.4285,263.1785,264.77149999999995,247.09999999999997,274.09999999999997,,,0.0,0.0,0.0,11,25
2019-08-06 11:30:00,259.15,259.2,258.8,259.0,115453,2019-08-06,2019,256.79999999999995,253.84999999999997,263.54999999999995,267.34999999999997,264.4,257.65,264.4,259.75,260.59999999999997,258.02149999999995,256.4285,263.1785,264.77149999999995,247.09999999999997,274.09999999999997,,,0.0,0.0,0.0,11,30
2019-08-06 11:35:00,258.95,259.15,258.8,258.9,117270,2019-08-06,2019,256.79999999999995,253.84999999999997,263.54999999999995,267.34999999999997,264.4,257.65,264.4,259.75,260.59999999999997,258.02149999999995,256.4285,263.1785,264.77149999999995,247.09999999999997,274.09999999999997,,,0.0,0.0,0.0,11,35
2019-08-06 11:40:00,258.9,259.35,258.8,259.35,55308,2019-08-06,2019,256.79999999999995,253.84999999999997,263.54999999999995,267.34999999999997,264.4,257.65,264.4,259.75,260.59999999999997,258.02149999999995,256.4285,263.1785,264.77149999999995,247.09999999999997,274.09999999999997,,,0.0,0.0,0.0,11,40
2019-08-06 11:45:00,259.3,259.45,259.1,259.4,48716,2019-08-06,2019,256.79999999999995,253.84999999999997,263.54999999999995,267.34999999999997,264.4,257.65,264.4,259.75,260.59999999999997,258.02149999999995,256.4285,263.1785,264.77149999999995,247.09999999999997,274.09999999999997,,,0.0,0.0,0.0,11,45
2019-08-06 11:50:00,259.45,259.6,259.2,259.45,90584,2019-08-06,2019,256.79999999999995,253.84999999999997,263.54999999999995,267.34999999999997,264.4,257.65,264.4,259.75,260.59999999999997,258.02149999999995,256.4285,263.1785,264.77149999999995,247.09999999999997,274.09999999999997,,,0.0,0.0,0.0,11,50
2019-08-06 11:55:00,259.5,259.55,259.0,259.3,62393,2019-08-06,2019,256.79999999999995,253.84999999999997,263.54999999999995,267.34999999999997,264.4,257.65,264.4,259.75,260.59999999999997,258.02149999999995,256.4285,263.1785,264.77149999999995,247.09999999999997,274.09999999999997,,,0.0,0.0,0.0,11,55
2019-08-06 12:00:00,259.35,259.6,259.15,259.5,77674,2019-08-06,2019,256.79999999999995,253.84999999999997,263.54999999999995,267.34999999999997,264.4,257.65,264.4,259.75,260.59999999999997,258.02149999999995,256.4285,263.1785,264.77149999999995,247.09999999999997,274.09999999999997,,,0.0,0.0,0.0,12,0
2019-08-06 12:05:00,259.55,259.7,259.4,259.65,68598,2019-08-06,2019,256.79999999999995,253.84999999999997,263.54999999999995,267.34999999999997,264.4,257.65,264.4,259.75,260.59999999999997,258.02149999999995,256.4285,263.1785,264.77149999999995,247.09999999999997,274.09999999999997,,,0.0,0.0,0.0,12,5
2019-08-06 12:10:00,259.7,260.0,259.5,259.9,90321,2019-08-06,2019,256.79999999999995,253.84999999999997,263.54999999999995,267.34999999999997,264.4,257.65,264.4,259.75,260.59999999999997,258.02149999999995,256.4285,263.1785,264.77149999999995,247.09999999999997,274.09999999999997,,,0.0,0.0,0.0,12,10
2019-08-06 12:15:00,259.95,260.0,259.8,259.9,56727,2019-08-06,2019,256.79999999999995,253.84999999999997,263.54999999999995,267.34999999999997,264.4,257.65,264.4,259.75,260.59999999999997,258.02149999999995,256.4285,263.1785,264.77149999999995,247.09999999999997,274.09999999999997,,,0.0,0.0,0.0,12,15
2019-08-06 12:20:00,259.9,260.2,259.85,260.15,66871,2019-08-06,2019,256.79999999999995,253.84999999999997,263.54999999999995,267.34999999999997,264.4,257.65,264.4,259.75,260.59999999999997,258.02149999999995,256.4285,263.1785,264.77149999999995,247.09999999999997,274.09999999999997,,,0.0,0.0,0.0,12,20
2019-08-06 12:25:00,260.15,260.3,259.8,260.2,98794,2019-08-06,2019,256.79999999999995,253.84999999999997,263.54999999999995,267.34999999999997,264.4,257.65,264.4,259.75,260.59999999999997,258.02149999999995,256.4285,263.1785,264.77149999999995,247.09999999999997,274.09999999999997,,,0.0,0.0,0.0,12,25
2019-08-06 12:30:00,260.25,260.25,259.8,260.2,65338,2019-08-06,2019,256.79999999999995,253.84999999999997,263.54999999999995,267.34999999999997,264.4,257.65,264.4,259.75,260.59999999999997,258.02149999999995,256.4285,263.1785,264.77149999999995,247.09999999999997,274.09999999999997,,,0.0,0.0,0.0,12,30
2019-08-06 12:35:00,260.25,260.7,260.15,260.7,136538,2019-08-06,2019,256.79999999999995,253.84999999999997,263.54999999999995,267.34999999999997,264.4,257.65,264.4,259.75,260.59999999999997,258.02149999999995,256.4285,263.1785,264.77149999999995,247.09999999999997,274.09999999999997,,,0.0,0.0,0.0,12,35
2019-08-06 12:40:00,260.7,261.0,260.4,260.95,179075,2019-08-06,2019,256.79999999999995,253.84999999999997,263.54999999999995,267.34999999999997,264.4,257.65,264.4,259.75,260.59999999999997,258.02149999999995,256.4285,263.1785,264.77149999999995,247.09999999999997,274.09999999999997,Exit,Sell,260.8435125,0.0,0.0,12,40
2019-08-06 12:45:00,260.95,261.2,260.75,261.0,122086,2019-08-06,2019,256.79999999999995,253.84999999999997,263.54999999999995,267.34999999999997,264.4,257.65,264.4,259.75,260.59999999999997,258.02149999999995,256.4285,263.1785,264.77149999999995,247.09999999999997,274.09999999999997,,,0.0,0.0,0.0,12,45
2019-08-06 12:50:00,261.0,261.3,261.0,261.0,76845,2019-08-06,2019,256.79999999999995,253.84999999999997,263.54999999999995,267.34999999999997,264.4,257.65,264.4,259.75,260.59999999999997,258.02149999999995,256.4285,263.1785,264.77149999999995,247.09999999999997,274.09999999999997,,,0.0,0.0,0.0,12,50
2019-08-06 12:55:00,261.15,261.35,260.8,260.85,99065,2019-08-06,2019,256.79999999999995,253.84999999999997,263.54999999999995,267.34999999999997,264.4,257.65,264.4,259.75,260.59999999999997,258.02149999999995,256.4285,263.1785,264.77149999999995,247.09999999999997,274.09999999999997,,,0.0,0.0,0.0,12,55
2019-08-06 13:00:00,260.85,261.15,260.8,260.95,78663,2019-08-06,2019,256.79999999999995,253.84999999999997,263.54999999999995,267.34999999999997,264.4,257.65,264.4,259.75,260.59999999999997,258.02149999999995,256.4285,263.1785,264.77149999999995,247.09999999999997,274.09999999999997,,,0.0,0.0,0.0,13,0
2019-08-06 13:05:00,260.95,260.95,260.6,260.75,86185,2019-08-06,2019,256.79999999999995,253.84999999999997,263.54999999999995,267.34999999999997,264.4,257.65,264.4,259.75,260.59999999999997,258.02149999999995,256.4285,263.1785,264.77149999999995,247.09999999999997,274.09999999999997,,,0.0,0.0,0.0,13,5
2019-08-06 13:10:00,260.75,260.95,260.6,260.6,73467,2019-08-06,2019,256.79999999999995,253.84999999999997,263.54999999999995,267.34999999999997,264.4,257.65,264.4,259.75,260.59999999999997,258.02149999999995,256.4285,263.1785,264.77149999999995,247.09999999999997,274.09999999999997,,,0.0,0.0,0.0,13,10
2019-08-06 13:15:00,260.65,260.7,260.0,260.3,102630,2019-08-06,2019,256.79999999999995,253.84999999999997,263.54999999999995,267.34999999999997,264.4,257.65,264.4,259.75,260.59999999999997,258.02149999999995,256.4285,263.1785,264.77149999999995,247.09999999999997,274.09999999999997,,,0.0,0.0,0.0,13,15
2019-08-06 13:20:00,260.3,260.5,260.2,260.4,71273,2019-08-06,2019,256.79999999999995,253.84999999999997,263.54999999999995,267.34999999999997,264.4,257.65,264.4,259.75,260.59999999999997,258.02149999999995,256.4285,263.1785,264.77149999999995,247.09999999999997,274.09999999999997,,,0.0,0.0,0.0,13,20
2019-08-06 13:25:00,260.4,260.6,260.35,260.45,55281,2019-08-06,2019,256.79999999999995,253.84999999999997,263.54999999999995,267.34999999999997,264.4,257.65,264.4,259.75,260.59999999999997,258.02149999999995,256.4285,263.1785,264.77149999999995,247.09999999999997,274.09999999999997,,,0.0,0.0,0.0,13,25
2019-08-06 13:30:00,260.45,260.5,259.8,259.95,103719,2019-08-06,2019,256.79999999999995,253.84999999999997,263.54999999999995,267.34999999999997,264.4,257.65,264.4,259.75,260.59999999999997,258.02149999999995,256.4285,263.1785,264.77149999999995,247.09999999999997,274.09999999999997,,,0.0,0.0,0.0,13,30
2019-08-06 13:35:00,259.95,260.15,259.9,260.0,91644,2019-08-06,2019,256.79999999999995,253.84999999999997,263.54999999999995,267.34999999999997,264.4,257.65,264.4,259.75,260.59999999999997,258.02149999999995,256.4285,263.1785,264.77149999999995,247.09999999999997,274.09999999999997,,,0.0,0.0,0.0,13,35
2019-08-06 13:40:00,260.0,260.2,259.85,260.2,57289,2019-08-06,2019,256.79999999999995,253.84999999999997,263.54999999999995,267.34999999999997,264.4,257.65,264.4,259.75,260.59999999999997,258.02149999999995,256.4285,263.1785,264.77149999999995,247.09999999999997,274.09999999999997,,,0.0,0.0,0.0,13,40
2019-08-06 13:45:00,260.2,260.25,260.05,260.2,52833,2019-08-06,2019,256.79999999999995,253.84999999999997,263.54999999999995,267.34999999999997,264.4,257.65,264.4,259.75,260.59999999999997,258.02149999999995,256.4285,263.1785,264.77149999999995,247.09999999999997,274.09999999999997,,,0.0,0.0,0.0,13,45
2019-08-06 13:50:00,260.2,260.4,260.1,260.3,54510,2019-08-06,2019,256.79999999999995,253.84999999999997,263.54999999999995,267.34999999999997,264.4,257.65,264.4,259.75,260.59999999999997,258.02149999999995,256.4285,263.1785,264.77149999999995,247.09999999999997,274.09999999999997,,,0.0,0.0,0.0,13,50
2019-08-06 13:55:00,260.35,260.4,260.15,260.3,59752,2019-08-06,2019,256.79999999999995,253.84999999999997,263.54999999999995,267.34999999999997,264.4,257.65,264.4,259.75,260.59999999999997,258.02149999999995,256.4285,263.1785,264.77149999999995,247.09999999999997,274.09999999999997,,,0.0,0.0,0.0,13,55
2019-08-06 14:00:00,260.35,260.75,260.2,260.5,106123,2019-08-06,2019,256.79999999999995,253.84999999999997,263.54999999999995,267.34999999999997,264.4,257.65,264.4,259.75,260.59999999999997,258.02149999999995,256.4285,263.1785,264.77149999999995,247.09999999999997,274.09999999999997,,,0.0,0.0,0.0,14,0
2019-08-06 14:05:00,260.5,261.0,260.5,260.85,82583,2019-08-06,2019,256.79999999999995,253.84999999999997,263.54999999999995,267.34999999999997,264.4,257.65,264.4,259.75,260.59999999999997,258.02149999999995,256.4285,263.1785,264.77149999999995,247.09999999999997,274.09999999999997,,,0.0,0.0,0.0,14,5
2019-08-06 14:10:00,260.75,261.05,260.65,261.0,90318,2019-08-06,2019,256.79999999999995,253.84999999999997,263.54999999999995,267.34999999999997,264.4,257.65,264.4,259.75,260.59999999999997,258.02149999999995,256.4285,263.1785,264.77149999999995,247.09999999999997,274.09999999999997,,,0.0,0.0,0.0,14,10
2019-08-06 14:15:00,261.0,261.25,261.0,261.2,84421,2019-08-06,2019,256.79999999999995,253.84999999999997,263.54999999999995,267.34999999999997,264.4,257.65,264.4,259.75,260.59999999999997,258.02149999999995,256.4285,263.1785,264.77149999999995,247.09999999999997,274.09999999999997,,,0.0,0.0,0.0,14,15
2019-08-06 14:20:00,261.2,261.5,260.8,260.8,120347,2019-08-06,2019,256.79999999999995,253.84999999999997,263.54999999999995,267.34999999999997,264.4,257.65,264.4,259.75,260.59999999999997,258.02149999999995,256.4285,263.1785,264.77149999999995,247.09999999999997,274.09999999999997,,,0.0,0.0,0.0,14,20
2019-08-06 14:25:00,260.8,260.95,260.5,260.6,169294,2019-08-06,2019,256.79999999999995,253.84999999999997,263.54999999999995,267.34999999999997,264.4,257.65,264.4,259.75,260.59999999999997,258.02149999999995,256.4285,263.1785,264.77149999999995,247.09999999999997,274.09999999999997,,,0.0,0.0,0.0,14,25
2019-08-06 14:30:00,260.6,260.9,260.35,260.4,125774,2019-08-06,2019,256.79999999999995,253.84999999999997,263.54999999999995,267.34999999999997,264.4,257.65,264.4,259.75,260.59999999999997,258.02149999999995,256.4285,263.1785,264.77149999999995,247.09999999999997,274.09999999999997,,,0.0,0.0,0.0,14,30
2019-08-06 14:35:00,260.3,260.5,259.6,259.8,249443,2019-08-06,2019,256.79999999999995,253.84999999999997,263.54999999999995,267.34999999999997,264.4,257.65,264.4,259.75,260.59999999999997,258.02149999999995,256.4285,263.1785,264.77149999999995,247.09999999999997,274.09999999999997,,,0.0,0.0,0.0,14,35
2019-08-06 14:40:00,259.75,260.05,259.45,259.45,146559,2019-08-06,2019,256.79999999999995,253.84999999999997,263.54999999999995,267.34999999999997,264.4,257.65,264.4,259.75,260.59999999999997,258.02149999999995,256.4285,263.1785,264.77149999999995,247.09999999999997,274.09999999999997,,,0.0,0.0,0.0,14,40
2019-08-06 14:45:00,259.5,259.6,259.2,259.4,215023,2019-08-06,2019,256.79999999999995,253.84999999999997,263.54999999999995,267.34999999999997,264.4,257.65,264.4,259.75,260.59999999999997,258.02149999999995,256.4285,263.1785,264.77149999999995,247.09999999999997,274.09999999999997,,,0.0,0.0,0.0,14,45
2019-08-06 14:50:00,259.3,259.7,259.25,259.55,252487,2019-08-06,2019,256.79999999999995,253.84999999999997,263.54999999999995,267.34999999999997,264.4,257.65,264.4,259.75,260.59999999999997,258.02149999999995,256.4285,263.1785,264.77149999999995,247.09999999999997,274.09999999999997,,,0.0,0.0,0.0,14,50
2019-08-06 14:55:00,259.5,259.6,259.3,259.5,223240,2019-08-06,2019,256.79999999999995,253.84999999999997,263.54999999999995,267.34999999999997,264.4,257.65,264.4,259.75,260.59999999999997,258.02149999999995,256.4285,263.1785,264.77149999999995,247.09999999999997,274.09999999999997,,,0.0,0.0,0.0,14,55
2019-08-06 15:00:00,259.6,259.65,259.4,259.55,300634,2019-08-06,2019,256.79999999999995,253.84999999999997,263.54999999999995,267.34999999999997,264.4,257.65,264.4,259.75,260.59999999999997,258.02149999999995,256.4285,263.1785,264.77149999999995,247.09999999999997,274.09999999999997,,,0.0,0.0,0.0,15,0
2019-08-06 15:05:00,259.55,259.55,258.95,259.05,289552,2019-08-06,2019,256.79999999999995,253.84999999999997,263.54999999999995,267.34999999999997,264.4,257.65,264.4,259.75,260.59999999999997,258.02149999999995,256.4285,263.1785,264.77149999999995,247.09999999999997,274.09999999999997,,,0.0,0.0,0.0,15,5
2019-08-06 15:10:00,259.0,259.25,258.6,259.1,312882,2019-08-06,2019,256.79999999999995,253.84999999999997,263.54999999999995,267.34999999999997,264.4,257.65,264.4,259.75,260.59999999999997,258.02149999999995,256.4285,263.1785,264.77149999999995,247.09999999999997,274.09999999999997,,,0.0,0.0,0.0,15,10
2019-08-06 15:15:00,259.15,259.15,258.4,258.95,337415,2019-08-06,2019,256.79999999999995,253.84999999999997,263.54999999999995,267.34999999999997,264.4,257.65,264.4,259.75,260.59999999999997,258.02149999999995,256.4285,263.1785,264.77149999999995,247.09999999999997,274.09999999999997,Entry,Sell,258.55,256.4,261.5,15,15
2019-08-06 15:20:00,258.95,259.05,258.45,258.5,269843,2019-08-06,2019,256.79999999999995,253.84999999999997,263.54999999999995,267.34999999999997,264.4,257.65,264.4,259.75,260.59999999999997,258.02149999999995,256.4285,263.1785,264.77149999999995,247.09999999999997,274.09999999999997,Exit,Buy,258.5,0.0,0.0,15,20
2019-08-06 15:25:00,258.45,258.65,258.15,258.25,266553,2019-08-06,2019,256.79999999999995,253.84999999999997,263.54999999999995,267.34999999999997,264.4,257.65,264.4,259.75,260.59999999999997,258.02149999999995,256.4285,263.1785,264.77149999999995,247.09999999999997,274.09999999999997,,,0.0,0.0,0.0,15,25
2019-08-07 09:15:00,259.05,259.25,258.1,258.95,264242,2019-08-07,2019,257.1,255.95,260.45000000000005,262.65000000000003,261.5,258.15,258.75,258.25,259.3,258.0203,257.2297,260.5797,261.37030000000004,252.59999999999997,266.00000000000006,,,0.0,0.0,0.0,9,15
2019-08-07 09:20:00,258.85,259.35,258.25,258.65,182314,2019-08-07,2019,257.1,255.95,260.45000000000005,262.65000000000003,261.5,258.15,258.75,258.25,259.3,258.0203,257.2297,260.5797,261.37030000000004,252.59999999999997,266.00000000000006,,,0.0,0.0,0.0,9,20
2019-08-07 09:25:00,258.65,259.1,258.4,258.6,100097,2019-08-07,2019,257.1,255.95,260.45000000000005,262.65000000000003,261.5,258.15,258.75,258.25,259.3,258.0203,257.2297,260.5797,261.37030000000004,252.59999999999997,266.00000000000006,,,0.0,0.0,0.0,9,25
2019-08-07 09:30:00,258.6,258.65,258.3,258.5,90041,2019-08-07,2019,257.1,255.95,260.45000000000005,262.65000000000003,261.5,258.15,258.75,258.25,259.3,258.0203,257.2297,260.5797,261.37030000000004,252.59999999999997,266.00000000000006,,,0.0,0.0,0.0,9,30
2019-08-07 09:35:00,258.4,259.15,258.4,258.8,87755,2019-08-07,2019,257.1,255.95,260.45000000000005,262.65000000000003,261.5,258.15,258.75,258.25,259.3,258.0203,257.2297,260.5797,261.37030000000004,252.59999999999997,266.00000000000006,,,0.0,0.0,0.0,9,35
2019-08-07 09:40:00,258.8,259.1,258.75,258.9,105289,2019-08-07,2019,257.1,255.95,260.45000000000005,262.65000000000003,261.5,258.15,258.75,258.25,259.3,258.0203,257.2297,260.5797,261.37030000000004,252.59999999999997,266.00000000000006,,,0.0,0.0,0.0,9,40
2019-08-07 09:45:00,259.0,259.05,258.6,258.95,85888,2019-08-07,2019,257.1,255.95,260.45000000000005,262.65000000000003,261.5,258.15,258.75,258.25,259.3,258.0203,257.2297,260.5797,261.37030000000004,252.59999999999997,266.00000000000006,,,0.0,0.0,0.0,9,45
2019-08-07 09:50:00,258.9,259.15,258.75,258.9,59651,2019-08-07,2019,257.1,255.95,260.45000000000005,262.65000000000003,261.5,258.15,258.75,258.25,259.3,258.0203,257.2297,260.5797,261.37030000000004,252.59999999999997,266.00000000000006,,,0.0,0.0,0.0,9,50
2019-08-07 09:55:00,258.9,259.15,258.8,259.0,39628,2019-08-07,2019,257.1,255.95,260.45000000000005,262.65000000000003,261.5,258.15,258.75,258.25,259.3,258.0203,257.2297,260.5797,261.37030000000004,252.59999999999997,266.00000000000006,,,0.0,0.0,0.0,9,55
2019-08-07 10:00:00,259.05,259.05,258.3,258.55,102982,2019-08-07,2019,257.1,255.95,260.45000000000005,262.65000000000003,261.5,258.15,258.75,258.25,259.3,258.0203,257.2297,260.5797,261.37030000000004,252.59999999999997,266.00000000000006,,,0.0,0.0,0.0,10,0
2019-08-07 10:05:00,258.55,258.55,258.0,258.15,120425,2019-08-07,2019,257.1,255.95,260.45000000000005,262.65000000000003,261.5,258.15,258.75,258.25,259.3,258.0203,257.2297,260.5797,261.37030000000004,252.59999999999997,266.00000000000006,,,0.0,0.0,0.0,10,5
2019-08-07 10:10:00,258.1,258.35,257.95,258.3,116515,2019-08-07,2019,257.1,255.95,260.45000000000005,262.65000000000003,261.5,258.15,258.75,258.25,259.3,258.0203,257.2297,260.5797,261.37030000000004,252.59999999999997,266.00000000000006,,,0.0,0.0,0.0,10,10
2019-08-07 10:15:00,258.35,258.35,257.5,257.7,126447,2019-08-07,2019,257.1,255.95,260.45000000000005,262.65000000000003,261.5,258.15,258.75,258.25,259.3,258.0203,257.2297,260.5797,261.37030000000004,252.59999999999997,266.00000000000006,Entry,Sell,257.7,255.95,259.35,10,15
2019-08-07 10:20:00,257.75,257.85,257.55,257.65,69029,2019-08-07,2019,257.1,255.95,260.45000000000005,262.65000000000003,261.5,258.15,258.75,258.25,259.3,258.0203,257.2297,260.5797,261.37030000000004,252.59999999999997,266.00000000000006,,,0.0,0.0,0.0,10,20
2019-08-07 10:25:00,257.65,257.9,257.2,257.45,147887,2019-08-07,2019,257.1,255.95,260.45000000000005,262.65000000000003,261.5,258.15,258.75,258.25,259.3,258.0203,257.2297,260.5797,261.37030000000004,252.59999999999997,266.00000000000006,,,0.0,0.0,0.0,10,25
2019-08-07 10:30:00,257.45,257.7,257.1,257.5,94114,2019-08-07,2019,257.1,255.95,260.45000000000005,262.65000000000003,261.5,258.15,258.75,258.25,259.3,258.0203,257.2297,260.5797,261.37030000000004,252.59999999999997,266.00000000000006,,,0.0,0.0,0.0,10,30
2019-08-07 10:35:00,257.4,257.7,257.3,257.5,51325,2019-08-07,2019,257.1,255.95,260.45000000000005,262.65000000000003,261.5,258.15,258.75,258.25,259.3,258.0203,257.2297,260.5797,261.37030000000004,252.59999999999997,266.00000000000006,,,0.0,0.0,0.0,10,35
2019-08-07 10:40:00,257.55,257.6,257.4,257.6,29323,2019-08-07,2019,257.1,255.95,260.45000000000005,262.65000000000003,261.5,258.15,258.75,258.25,259.3,258.0203,257.2297,260.5797,261.37030000000004,252.59999999999997,266.00000000000006,,,0.0,0.0,0.0,10,40
2019-08-07 10:45:00,257.6,257.65,257.5,257.6,33727,2019-08-07,2019,257.1,255.95,260.45000000000005,262.65000000000003,261.5,258.15,258.75,258.25,259.3,258.0203,257.2297,260.5797,261.37030000000004,252.59999999999997,266.00000000000006,,,0.0,0.0,0.0,10,45
2019-08-07 10:50:00,257.6,257.7,257.35,257.65,58290,2019-08-07,2019,257.1,255.95,260.45000000000005,262.65000000000003,261.5,258.15,258.75,258.25,259.3,258.0203,257.2297,260.5797,261.37030000000004,252.59999999999997,266.00000000000006,,,0.0,0.0,0.0,10,50
2019-08-07 10:55:00,257.65,257.7,257.25,257.3,39225,2019-08-07,2019,257.1,255.95,260.45000000000005,262.65000000000003,261.5,258.15,258.75,258.25,259.3,258.0203,257.2297,260.5797,261.37030000000004,252.59999999999997,266.00000000000006,,,0.0,0.0,0.0,10,55
2019-08-07 11:00:00,257.35,257.6,257.3,257.6,27226,2019-08-07,2019,257.1,255.95,260.45000000000005,262.65000000000003,261.5,258.15,258.75,258.25,259.3,258.0203,257.2297,260.5797,261.37030000000004,252.59999999999997,266.00000000000006,,,0.0,0.0,0.0,11,0
2019-08-07 11:05:00,257.6,257.6,257.3,257.5,26519,2019-08-07,2019,257.1,255.95,260.45000000000005,262.65000000000003,261.5,258.15,258.75,258.25,259.3,258.0203,257.2297,260.5797,261.37030000000004,252.59999999999997,266.00000000000006,,,0.0,0.0,0.0,11,5
2019-08-07 11:10:00,257.4,257.5,257.15,257.15,53738,2019-08-07,2019,257.1,255.95,260.45000000000005,262.65000000000003,261.5,258.15,258.75,258.25,259.3,258.0203,257.2297,260.5797,261.37030000000004,252.59999999999997,266.00000000000006,,,0.0,0.0,0.0,11,10
2019-08-07 11:15:00,257.15,257.3,257.15,257.15,40360,2019-08-07,2019,257.1,255.95,260.45000000000005,262.65000000000003,261.5,258.15,258.75,258.25,259.3,258.0203,257.2297,260.5797,261.37030000000004,252.59999999999997,266.00000000000006,,,0.0,0.0,0.0,11,15
2019-08-07 11:20:00,257.2,257.4,257.1,257.2,78642,2019-08-07,2019,257.1,255.95,260.45000000000005,262.65000000000003,261.5,258.15,258.75,258.25,259.3,258.0203,257.2297,260.5797,261.37030000000004,252.59999999999997,266.00000000000006,,,0.0,0.0,0.0,11,20
2019-08-07 11:25:00,257.25,257.3,256.7,256.8,165007,2019-08-07,2019,257.1,255.95,260.45000000000005,262.65000000000003,261.5,258.15,258.75,258.25,259.3,258.0203,257.2297,260.5797,261.37030000000004,252.59999999999997,266.00000000000006,,,0.0,0.0,0.0,11,25
2019-08-07 11:30:00,256.7,256.9,256.5,256.7,108643,2019-08-07,2019,257.1,255.95,260.45000000000005,262.65000000000003,261.5,258.15,258.75,258.25,259.3,258.0203,257.2297,260.5797,261.37030000000004,252.59999999999997,266.00000000000006,,,0.0,0.0,0.0,11,30
2019-08-07 11:35:00,256.7,256.7,256.5,256.7,68168,2019-08-07,2019,257.1,255.95,260.45000000000005,262.65000000000003,261.5,258.15,258.75,258.25,259.3,258.0203,257.2297,260.5797,261.37030000000004,252.59999999999997,266.00000000000006,,,0.0,0.0,0.0,11,35
2019-08-07 11:40:00,256.7,256.75,256.25,256.35,113217,2019-08-07,2019,257.1,255.95,260.45000000000005,262.65000000000003,261.5,258.15,258.75,258.25,259.3,258.0203,257.2297,260.5797,261.37030000000004,252.59999999999997,266.00000000000006,,,0.0,0.0,0.0,11,40
2019-08-07 11:45:00,256.3,256.9,256.0,256.65,206592,2019-08-07,2019,257.1,255.95,260.45000000000005,262.65000000000003,261.5,258.15,258.75,258.25,259.3,258.0203,257.2297,260.5797,261.37030000000004,252.59999999999997,266.00000000000006,Exit,Buy,256.4115,257.78180000000003,256.25,11,45
2019-08-07 11:50:00,256.65,256.8,256.45,256.55,84927,2019-08-07,2019,257.1,255.95,260.45000000000005,262.65000000000003,261.5,258.15,258.75,258.25,259.3,258.0203,257.2297,260.5797,261.37030000000004,252.59999999999997,266.00000000000006,,,0.0,0.0,0.0,11,50
2019-08-07 11:55:00,256.55,256.55,255.7,256.1,169098,2019-08-07,2019,257.1,255.95,260.45000000000005,262.65000000000003,261.5,258.15,258.75,258.25,259.3,258.0203,257.2297,260.5797,261.37030000000004,252.59999999999997,266.00000000000006,Exit,Sell,256.25,252.74999999999994,259.35,11,55
2019-08-07 12:00:00,256.1,256.15,255.6,255.9,87467,2019-08-07,2019,257.1,255.95,260.45000000000005,262.65000000000003,261.5,258.15,258.75,258.25,259.3,258.0203,257.2297,260.5797,261.37030000000004,252.59999999999997,266.00000000000006,,,0.0,0.0,0.0,12,0
2019-08-07 12:05:00,255.85,256.15,255.7,256.0,67218,2019-08-07,2019,257.1,255.95,260.45000000000005,262.65000000000003,261.5,258.15,258.75,258.25,259.3,258.0203,257.2297,260.5797,261.37030000000004,252.59999999999997,266.00000000000006,,,0.0,0.0,0.0,12,5
2019-08-07 12:10:00,256.0,256.4,255.85,256.4,69131,2019-08-07,2019,257.1,255.95,260.45000000000005,262.65000000000003,261.5,258.15,258.75,258.25,259.3,258.0203,257.2297,260.5797,261.37030000000004,252.59999999999997,266.00000000000006,,,0.0,0.0,0.0,12,10
2019-08-07 12:15:00,256.4,256.4,256.05,256.15,57847,2019-08-07,2019,257.1,255.95,260.45000000000005,262.65000000000003,261.5,258.15,258.75,258.25,259.3,258.0203,257.2297,260.5797,261.37030000000004,252.59999999999997,266.00000000000006,,,0.0,0.0,0.0,12,15
2019-08-07 12:20:00,256.2,256.3,255.65,255.8,79127,2019-08-07,2019,257.1,255.95,260.45000000000005,262.65000000000003,261.5,258.15,258.75,258.25,259.3,258.0203,257.2297,260.5797,261.37030000000004,252.59999999999997,266.00000000000006,,,0.0,0.0,0.0,12,20
2019-08-07 12:25:00,255.9,256.2,255.8,256.15,62087,2019-08-07,2019,257.1,255.95,260.45000000000005,262.65000000000003,261.5,258.15,258.75,258.25,259.3,258.0203,257.2297,260.5797,261.37030000000004,252.59999999999997,266.00000000000006,,,0.0,0.0,0.0,12,25
2019-08-07 12:30:00,256.15,256.15,255.6,255.8,55379,2019-08-07,2019,257.1,255.95,260.45000000000005,262.65000000000003,261.5,258.15,258.75,258.25,259.3,258.0203,257.2297,260.5797,261.37030000000004,252.59999999999997,266.00000000000006,,,0.0,0.0,0.0,12,30
2019-08-07 12:35:00,255.8,255.95,255.65,255.85,44086,2019-08-07,2019,257.1,255.95,260.45000000000005,262.65000000000003,261.5,258.15,258.75,258.25,259.3,258.0203,257.2297,260.5797,261.37030000000004,252.59999999999997,266.00000000000006,,,0.0,0.0,0.0,12,35
2019-08-07 12:40:00,255.9,255.95,255.65,255.7,49289,2019-08-07,2019,257.1,255.95,260.45000000000005,262.65000000000003,261.5,258.15,258.75,258.25,259.3,258.0203,257.2297,260.5797,261.37030000000004,252.59999999999997,266.00000000000006,,,0.0,0.0,0.0,12,40
2019-08-07 12:45:00,255.75,255.75,255.5,255.5,71405,2019-08-07,2019,257.1,255.95,260.45000000000005,262.65000000000003,261.5,258.15,258.75,258.25,259.3,258.0203,257.2297,260.5797,261.37030000000004,252.59999999999997,266.00000000000006,,,0.0,0.0,0.0,12,45
2019-08-07 12:50:00,255.55,255.6,255.35,255.4,64327,2019-08-07,2019,257.1,255.95,260.45000000000005,262.65000000000003,261.5,258.15,258.75,258.25,259.3,258.0203,257.2297,260.5797,261.37030000000004,252.59999999999997,266.00000000000006,,,0.0,0.0,0.0,12,50
2019-08-07 12:55:00,255.45,255.6,255.35,255.45,62960,2019-08-07,2019,257.1,255.95,260.45000000000005,262.65000000000003,261.5,258.15,258.75,258.25,259.3,258.0203,257.2297,260.5797,261.37030000000004,252.59999999999997,266.00000000000006,,,0.0,0.0,0.0,12,55
2019-08-07 13:00:00,255.45,255.55,255.35,255.45,66014,2019-08-07,2019,257.1,255.95,260.45000000000005,262.65000000000003,261.5,258.15,258.75,258.25,259.3,258.0203,257.2297,260.5797,261.37030000000004,252.59999999999997,266.00000000000006,,,0.0,0.0,0.0,13,0
2019-08-07 13:05:00,255.45,255.7,255.35,255.55,68130,2019-08-07,2019,257.1,255.95,260.45000000000005,262.65000000000003,261.5,258.15,258.75,258.25,259.3,258.0203,257.2297,260.5797,261.37030000000004,252.59999999999997,266.00000000000006,,,0.0,0.0,0.0,13,5
2019-08-07 13:10:00,255.55,255.9,255.5,255.75,56773,2019-08-07,2019,257.1,255.95,260.45000000000005,262.65000000000003,261.5,258.15,258.75,258.25,259.3,258.0203,257.2297,260.5797,261.37030000000004,252.59999999999997,266.00000000000006,,,0.0,0.0,0.0,13,10
2019-08-07 13:15:00,255.75,255.8,255.55,255.7,55596,2019-08-07,2019,257.1,255.95,260.45000000000005,262.65000000000003,261.5,258.15,258.75,258.25,259.3,258.0203,257.2297,260.5797,261.37030000000004,252.59999999999997,266.00000000000006,,,0.0,0.0,0.0,13,15
2019-08-07 13:20:00,255.75,255.9,255.6,255.9,45299,2019-08-07,2019,257.1,255.95,260.45000000000005,262.65000000000003,261.5,258.15,258.75,258.25,259.3,258.0203,257.2297,260.5797,261.37030000000004,252.59999999999997,266.00000000000006,,,0.0,0.0,0.0,13,20
2019-08-07 13:25:00,255.9,256.6,255.9,256.25,199586,2019-08-07,2019,257.1,255.95,260.45000000000005,262.65000000000003,261.5,258.15,258.75,258.25,259.3,258.0203,257.2297,260.5797,261.37030000000004,252.59999999999997,266.00000000000006,,,0.0,0.0,0.0,13,25
2019-08-07 13:30:00,256.2,256.5,255.95,256.4,106338,2019-08-07,2019,257.1,255.95,260.45000000000005,262.65000000000003,261.5,258.15,258.75,258.25,259.3,258.0203,257.2297,260.5797,261.37030000000004,252.59999999999997,266.00000000000006,,,0.0,0.0,0.0,13,30
2019-08-07 13:35:00,256.3,256.35,255.6,255.7,59306,2019-08-07,2019,257.1,255.95,260.45000000000005,262.65000000000003,261.5,258.15,258.75,258.25,259.3,258.0203,257.2297,260.5797,261.37030000000004,252.59999999999997,266.00000000000006,,,0.0,0.0,0.0,13,35
2019-08-07 13:40:00,255.7,255.8,255.4,255.4,86188,2019-08-07,2019,257.1,255.95,260.45000000000005,262.65000000000003,261.5,258.15,258.75,258.25,259.3,258.0203,257.2297,260.5797,261.37030000000004,252.59999999999997,266.00000000000006,,,0.0,0.0,0.0,13,40
2019-08-07 13:45:00,255.45,255.75,255.35,255.55,52747,2019-08-07,2019,257.1,255.95,260.45000000000005,262.65000000000003,261.5,258.15,258.75,258.25,259.3,258.0203,257.2297,260.5797,261.37030000000004,252.59999999999997,266.00000000000006,,,0.0,0.0,0.0,13,45
2019-08-07 13:50:00,255.55,255.65,255.35,255.5,74350,2019-08-07,2019,257.1,255.95,260.45000000000005,262.65000000000003,261.5,258.15,258.75,258.25,259.3,258.0203,257.2297,260.5797,261.37030000000004,252.59999999999997,266.00000000000006,,,0.0,0.0,0.0,13,50
2019-08-07 13:55:00,255.45,255.45,255.2,255.4,83539,2019-08-07,2019,257.1,255.95,260.45000000000005,262.65000000000003,261.5,258.15,258.75,258.25,259.3,258.0203,257.2297,260.5797,261.37030000000004,252.59999999999997,266.00000000000006,,,0.0,0.0,0.0,13,55
2019-08-07 14:00:00,255.4,255.75,255.25,255.65,76050,2019-08-07,2019,257.1,255.95,260.45000000000005,262.65000000000003,261.5,258.15,258.75,258.25,259.3,258.0203,257.2297,260.5797,261.37030000000004,252.59999999999997,266.00000000000006,,,0.0,0.0,0.0,14,0
2019-08-07 14:05:00,255.65,256.0,255.5,255.5,95439,2019-08-07,2019,257.1,255.95,260.45000000000005,262.65000000000003,261.5,258.15,258.75,258.25,259.3,258.0203,257.2297,260.5797,261.37030000000004,252.59999999999997,266.00000000000006,,,0.0,0.0,0.0,14,5
2019-08-07 14:10:00,255.55,256.2,255.5,255.8,131010,2019-08-07,2019,257.1,255.95,260.45000000000005,262.65000000000003,261.5,258.15,258.75,258.25,259.3,258.0203,257.2297,260.5797,261.37030000000004,252.59999999999997,266.00000000000006,,,0.0,0.0,0.0,14,10
2019-08-07 14:15:00,255.8,255.9,255.2,255.4,115358,2019-08-07,2019,257.1,255.95,260.45000000000005,262.65000000000003,261.5,258.15,258.75,258.25,259.3,258.0203,257.2297,260.5797,261.37030000000004,252.59999999999997,266.00000000000006,,,0.0,0.0,0.0,14,15
2019-08-07 14:20:00,255.4,255.5,255.15,255.45,52376,2019-08-07,2019,257.1,255.95,260.45000000000005,262.65000000000003,261.5,258.15,258.75,258.25,259.3,258.0203,257.2297,260.5797,261.37030000000004,252.59999999999997,266.00000000000006,,,0.0,0.0,0.0,14,20
2019-08-07 14:25:00,255.35,255.6,255.3,255.45,49809,2019-08-07,2019,257.1,255.95,260.45000000000005,262.65000000000003,261.5,258.15,258.75,258.25,259.3,258.0203,257.2297,260.5797,261.37030000000004,252.59999999999997,266.00000000000006,,,0.0,0.0,0.0,14,25
2019-08-07 14:30:00,255.45,255.5,255.15,255.25,85420,2019-08-07,2019,257.1,255.95,260.45000000000005,262.65000000000003,261.5,258.15,258.75,258.25,259.3,258.0203,257.2297,260.5797,261.37030000000004,252.59999999999997,266.00000000000006,,,0.0,0.0,0.0,14,30
2019-08-07 14:35:00,255.25,255.4,255.1,255.2,67080,2019-08-07,2019,257.1,255.95,260.45000000000005,262.65000000000003,261.5,258.15,258.75,258.25,259.3,258.0203,257.2297,260.5797,261.37030000000004,252.59999999999997,266.00000000000006,,,0.0,0.0,0.0,14,35
2019-08-07 14:40:00,255.2,255.5,255.0,255.25,352826,2019-08-07,2019,257.1,255.95,260.45000000000005,262.65000000000003,261.5,258.15,258.75,258.25,259.3,258.0203,257.2297,260.5797,261.37030000000004,252.59999999999997,266.00000000000006,,,0.0,0.0,0.0,14,40
2019-08-07 14:45:00,255.25,255.25,254.3,254.85,217627,2019-08-07,2019,257.1,255.95,260.45000000000005,262.65000000000003,261.5,258.15,258.75,258.25,259.3,258.0203,257.2297,260.5797,261.37030000000004,252.59999999999997,266.00000000000006,,,0.0,0.0,0.0,14,45
2019-08-07 14:50:00,254.85,255.0,254.4,255.0,159040,2019-08-07,2019,257.1,255.95,260.45000000000005,262.65000000000003,261.5,258.15,258.75,258.25,259.3,258.0203,257.2297,260.5797,261.37030000000004,252.59999999999997,266.00000000000006,Exit,Buy,254.96875,257.06875,254.3,14,50
2019-08-07 14:55:00,254.95,255.1,254.35,254.5,119684,2019-08-07,2019,257.1,255.95,260.45000000000005,262.65000000000003,261.5,258.15,258.75,258.25,259.3,258.0203,257.2297,260.5797,261.37030000000004,252.59999999999997,266.00000000000006,,,0.0,0.0,0.0,14,55
2019-08-07 15:00:00,254.55,254.6,254.0,254.1,275298,2019-08-07,2019,257.1,255.95,260.45000000000005,262.65000000000003,261.5,258.15,258.75,258.25,259.3,258.0203,257.2297,260.5797,261.37030000000004,252.59999999999997,266.00000000000006,Exit,Sell,254.3,252.79999999999998,259.35,15,0
2019-08-07 15:05:00,254.15,254.25,253.9,253.9,286783,2019-08-07,2019,257.1,255.95,260.45000000000005,262.65000000000003,261.5,258.15,258.75,258.25,259.3,258.0203,257.2297,260.5797,261.37030000000004,252.59999999999997,266.00000000000006,,,0.0,0.0,0.0,15,5
2019-08-07 15:10:00,253.95,254.0,253.45,253.6,380005,2019-08-07,2019,257.1,255.95,260.45000000000005,262.65000000000003,261.5,258.15,258.75,258.25,259.3,258.0203,257.2297,260.5797,261.37030000000004,252.59999999999997,266.00000000000006,,,0.0,0.0,0.0,15,10
2019-08-07 15:15:00,253.6,253.85,253.2,253.6,440941,2019-08-07,2019,257.1,255.95,260.45000000000005,262.65000000000003,261.5,258.15,258.75,258.25,259.3,258.0203,257.2297,260.5797,261.37030000000004,252.59999999999997,266.00000000000006,,,0.0,0.0,0.0,15,15
2019-08-07 15:20:00,253.6,253.6,253.1,253.25,327926,2019-08-07,2019,257.1,255.95,260.45000000000005,262.65000000000003,261.5,258.15,258.75,258.25,259.3,258.0203,257.2297,260.5797,261.37030000000004,252.59999999999997,266.00000000000006,Exit,Buy,253.25,0.0,0.0,15,20
2019-08-07 15:25:00,253.25,253.5,253.25,253.4,333433,2019-08-07,2019,257.1,255.95,260.45000000000005,262.65000000000003,261.5,258.15,258.75,258.25,259.3,258.0203,257.2297,260.5797,261.37030000000004,252.59999999999997,266.00000000000006,,,0.0,0.0,0.0,15,25
2019-08-08 09:15:00,255.0,255.3,254.0,254.5,286077,2019-08-08,2019,251.21666666666664,249.0333333333333,257.4666666666667,261.53333333333336,259.35,253.1,259.05,253.4,255.28333333333333,252.89583333333331,251.42083333333332,257.67083333333335,259.14583333333337,242.78333333333327,267.7833333333334,,,0.0,0.0,0.0,9,15
2019-08-08 09:20:00,254.5,254.5,253.7,253.8,154951,2019-08-08,2019,251.21666666666664,249.0333333333333,257.4666666666667,261.53333333333336,259.35,253.1,259.05,253.4,255.28333333333333,252.89583333333331,251.42083333333332,257.67083333333335,259.14583333333337,242.78333333333327,267.7833333333334,Entry,Sell,253.8,251.42083333333332,255.3,9,20
2019-08-08 09:25:00,253.8,254.25,253.7,254.1,95906,2019-08-08,2019,251.21666666666664,249.0333333333333,257.4666666666667,261.53333333333336,259.35,253.1,259.05,253.4,255.28333333333333,252.89583333333331,251.42083333333332,257.67083333333335,259.14583333333337,242.78333333333327,267.7833333333334,,,0.0,0.0,0.0,9,25
2019-08-08 09:30:00,254.1,254.15,253.7,253.9,77095,2019-08-08,2019,251.21666666666664,249.0333333333333,257.4666666666667,261.53333333333336,259.35,253.1,259.05,253.4,255.28333333333333,252.89583333333331,251.42083333333332,257.67083333333335,259.14583333333337,242.78333333333327,267.7833333333334,,,0.0,0.0,0.0,9,30
2019-08-08 09:35:00,254.0,254.85,253.95,254.65,96391,2019-08-08,2019,251.21666666666664,249.0333333333333,257.4666666666667,261.53333333333336,259.35,253.1,259.05,253.4,255.28333333333333,252.89583333333331,251.42083333333332,257.67083333333335,259.14583333333337,242.78333333333327,267.7833333333334,,,0.0,0.0,0.0,9,35
2019-08-08 09:40:00,254.75,255.05,254.5,254.95,89768,2019-08-08,2019,251.21666666666664,249.0333333333333,257.4666666666667,261.53333333333336,259.35,253.1,259.05,253.4,255.28333333333333,252.89583333333331,251.42083333333332,257.67083333333335,259.14583333333337,242.78333333333327,267.7833333333334,,,0.0,0.0,0.0,9,40
2019-08-08 09:45:00,254.95,255.1,254.55,254.8,55714,2019-08-08,2019,251.21666666666664,249.0333333333333,257.4666666666667,261.53333333333336,259.35,253.1,259.05,253.4,255.28333333333333,252.89583333333331,251.42083333333332,257.67083333333335,259.14583333333337,242.78333333333327,267.7833333333334,,,0.0,0.0,0.0,9,45
2019-08-08 09:50:00,254.8,254.95,254.6,254.7,44850,2019-08-08,2019,251.21666666666664,249.0333333333333,257.4666666666667,261.53333333333336,259.35,253.1,259.05,253.4,255.28333333333333,252.89583333333331,251.42083333333332,257.67083333333335,259.14583333333337,242.78333333333327,267.7833333333334,,,0.0,0.0,0.0,9,50
2019-08-08 09:55:00,254.7,254.95,254.7,254.8,37256,2019-08-08,2019,251.21666666666664,249.0333333333333,257.4666666666667,261.53333333333336,259.35,253.1,259.05,253.4,255.28333333333333,252.89583333333331,251.42083333333332,257.67083333333335,259.14583333333337,242.78333333333327,267.7833333333334,,,0.0,0.0,0.0,9,55
2019-08-08 10:00:00,254.75,254.9,254.45,254.6,47078,2019-08-08,2019,251.21666666666664,249.0333333333333,257.4666666666667,261.53333333333336,259.35,253.1,259.05,253.4,255.28333333333333,252.89583333333331,251.42083333333332,257.67083333333335,259.14583333333337,242.78333333333327,267.7833333333334,,,0.0,0.0,0.0,10,0
2019-08-08 10:05:00,254.5,254.95,254.5,254.85,49049,2019-08-08,2019,251.21666666666664,249.0333333333333,257.4666666666667,261.53333333333336,259.35,253.1,259.05,253.4,255.28333333333333,252.89583333333331,251.42083333333332,257.67083333333335,259.14583333333337,242.78333333333327,267.7833333333334,,,0.0,0.0,0.0,10,5
2019-08-08 10:10:00,254.95,255.15,254.7,255.05,67503,2019-08-08,2019,251.21666666666664,249.0333333333333,257.4666666666667,261.53333333333336,259.35,253.1,259.05,253.4,255.28333333333333,252.89583333333331,251.42083333333332,257.67083333333335,259.14583333333337,242.78333333333327,267.7833333333334,,,0.0,0.0,0.0,10,10
2019-08-08 10:15:00,255.05,255.5,255.0,255.5,73836,2019-08-08,2019,251.21666666666664,249.0333333333333,257.4666666666667,261.53333333333336,259.35,253.1,259.05,253.4,255.28333333333333,252.89583333333331,251.42083333333332,257.67083333333335,259.14583333333337,242.78333333333327,267.7833333333334,Exit,Buy,255.3,257.2666666666667,253.7,10,15
2019-08-08 10:20:00,255.5,255.55,255.2,255.5,57768,2019-08-08,2019,251.21666666666664,249.0333333333333,257.4666666666667,261.53333333333336,259.35,253.1,259.05,253.4,255.28333333333333,252.89583333333331,251.42083333333332,257.67083333333335,259.14583333333337,242.78333333333327,267.7833333333334,,,0.0,0.0,0.0,10,20
2019-08-08 10:25:00,255.5,255.5,255.1,255.15,28552,2019-08-08,2019,251.21666666666664,249.0333333333333,257.4666666666667,261.53333333333336,259.35,253.1,259.05,253.4,255.28333333333333,252.89583333333331,251.42083333333332,257.67083333333335,259.14583333333337,242.78333333333327,267.7833333333334,,,0.0,0.0,0.0,10,25
2019-08-08 10:30:00,255.15,255.25,254.6,254.8,70672,2019-08-08,2019,251.21666666666664,249.0333333333333,257.4666666666667,261.53333333333336,259.35,253.1,259.05,253.4,255.28333333333333,252.89583333333331,251.42083333333332,257.67083333333335,259.14583333333337,242.78333333333327,267.7833333333334,,,0.0,0.0,0.0,10,30
2019-08-08 10:35:00,254.8,254.8,254.25,254.45,62059,2019-08-08,2019,251.21666666666664,249.0333333333333,257.4666666666667,261.53333333333336,259.35,253.1,259.05,253.4,255.28333333333333,252.89583333333331,251.42083333333332,257.67083333333335,259.14583333333337,242.78333333333327,267.7833333333334,,,0.0,0.0,0.0,10,35
2019-08-08 10:40:00,254.45,255.0,254.45,254.85,51542,2019-08-08,2019,251.21666666666664,249.0333333333333,257.4666666666667,261.53333333333336,259.35,253.1,259.05,253.4,255.28333333333333,252.89583333333331,251.42083333333332,257.67083333333335,259.14583333333337,242.78333333333327,267.7833333333334,,,0.0,0.0,0.0,10,40
2019-08-08 10:45:00,254.85,254.95,254.5,254.9,59678,2019-08-08,2019,251.21666666666664,249.0333333333333,257.4666666666667,261.53333333333336,259.35,253.1,259.05,253.4,255.28333333333333,252.89583333333331,251.42083333333332,257.67083333333335,259.14583333333337,242.78333333333327,267.7833333333334,,,0.0,0.0,0.0,10,45
2019-08-08 10:50:00,254.95,255.0,254.75,254.75,31991,2019-08-08,2019,251.21666666666664,249.0333333333333,257.4666666666667,261.53333333333336,259.35,253.1,259.05,253.4,255.28333333333333,252.89583333333331,251.42083333333332,257.67083333333335,259.14583333333337,242.78333333333327,267.7833333333334,,,0.0,0.0,0.0,10,50
2019-08-08 10:55:00,254.8,254.8,254.05,254.2,98411,2019-08-08,2019,251.21666666666664,249.0333333333333,257.4666666666667,261.53333333333336,259.35,253.1,259.05,253.4,255.28333333333333,252.89583333333331,251.42083333333332,257.67083333333335,259.14583333333337,242.78333333333327,267.7833333333334,,,0.0,0.0,0.0,10,55
2019-08-08 11:00:00,254.2,254.35,254.05,254.3,84891,2019-08-08,2019,251.21666666666664,249.0333333333333,257.4666666666667,261.53333333333336,259.35,253.1,259.05,253.4,255.28333333333333,252.89583333333331,251.42083333333332,257.67083333333335,259.14583333333337,242.78333333333327,267.7833333333334,,,0.0,0.0,0.0,11,0
2019-08-08 11:05:00,254.25,254.25,253.75,253.85,135580,2019-08-08,2019,251.21666666666664,249.0333333333333,257.4666666666667,261.53333333333336,259.35,253.1,259.05,253.4,255.28333333333333,252.89583333333331,251.42083333333332,257.67083333333335,259.14583333333337,242.78333333333327,267.7833333333334,,,0.0,0.0,0.0,11,5
2019-08-08 11:10:00,253.85,254.25,253.7,253.85,105080,2019-08-08,2019,251.21666666666664,249.0333333333333,257.4666666666667,261.53333333333336,259.35,253.1,259.05,253.4,255.28333333333333,252.89583333333331,251.42083333333332,257.67083333333335,259.14583333333337,242.78333333333327,267.7833333333334,Exit,Sell,253.7,251.27083333333331,255.55,11,10
2019-08-08 11:15:00,253.8,253.85,253.3,253.3,152135,2019-08-08,2019,251.21666666666664,249.0333333333333,257.4666666666667,261.53333333333336,259.35,253.1,259.05,253.4,255.28333333333333,252.89583333333331,251.42083333333332,257.67083333333335,259.14583333333337,242.78333333333327,267.7833333333334,,,0.0,0.0,0.0,11,15
2019-08-08 11:20:00,253.4,253.4,253.0,253.1,185170,2019-08-08,2019,251.21666666666664,249.0333333333333,257.4666666666667,261.53333333333336,259.35,253.1,259.05,253.4,255.28333333333333,252.89583333333331,251.42083333333332,257.67083333333335,259.14583333333337,242.78333333333327,267.7833333333334,,,0.0,0.0,0.0,11,20
2019-08-08 11:25:00,253.15,253.4,253.05,253.3,92885,2019-08-08,2019,251.21666666666664,249.0333333333333,257.4666666666667,261.53333333333336,259.35,253.1,259.05,253.4,255.28333333333333,252.89583333333331,251.42083333333332,257.67083333333335,259.14583333333337,242.78333333333327,267.7833333333334,,,0.0,0.0,0.0,11,25
2019-08-08 11:30:00,253.3,253.85,253.25,253.8,62867,2019-08-08,2019,251.21666666666664,249.0333333333333,257.4666666666667,261.53333333333336,259.35,253.1,259.05,253.4,255.28333333333333,252.89583333333331,251.42083333333332,257.67083333333335,259.14583333333337,242.78333333333327,267.7833333333334,,,0.0,0.0,0.0,11,30
2019-08-08 11:35:00,253.8,254.0,253.8,253.9,55513,2019-08-08,2019,251.21666666666664,249.0333333333333,257.4666666666667,261.53333333333336,259.35,253.1,259.05,253.4,255.28333333333333,252.89583333333331,251.42083333333332,257.67083333333335,259.14583333333337,242.78333333333327,267.7833333333334,,,0.0,0.0,0.0,11,35
2019-08-08 11:40:00,253.9,254.3,253.9,254.2,50619,2019-08-08,2019,251.21666666666664,249.0333333333333,257.4666666666667,261.53333333333336,259.35,253.1,259.05,253.4,255.28333333333333,252.89583333333331,251.42083333333332,257.67083333333335,259.14583333333337,242.78333333333327,267.7833333333334,,,0.0,0.0,0.0,11,40
2019-08-08 11:45:00,254.15,254.4,254.15,254.35,42571,2019-08-08,2019,251.21666666666664,249.0333333333333,257.4666666666667,261.53333333333336,259.35,253.1,259.05,253.4,255.28333333333333,252.89583333333331,251.42083333333332,257.67083333333335,259.14583333333337,242.78333333333327,267.7833333333334,,,0.0,0.0,0.0,11,45
2019-08-08 11:50:00,254.35,254.8,254.25,254.65,66054,2019-08-08,2019,251.21666666666664,249.0333333333333,257.4666666666667,261.53333333333336,259.35,253.1,259.05,253.4,255.28333333333333,252.89583333333331,251.42083333333332,257.67083333333335,259.14583333333337,242.78333333333327,267.7833333333334,,,0.0,0.0,0.0,11,50
2019-08-08 11:55:00,254.65,254.7,254.5,254.65,20194,2019-08-08,2019,251.21666666666664,249.0333333333333,257.4666666666667,261.53333333333336,259.35,253.1,259.05,253.4,255.28333333333333,252.89583333333331,251.42083333333332,257.67083333333335,259.14583333333337,242.78333333333327,267.7833333333334,,,0.0,0.0,0.0,11,55
2019-08-08 12:00:00,254.65,254.95,254.6,254.85,56727,2019-08-08,2019,251.21666666666664,249.0333333333333,257.4666666666667,261.53333333333336,259.35,253.1,259.05,253.4,255.28333333333333,252.89583333333331,251.42083333333332,257.67083333333335,259.14583333333337,242.78333333333327,267.7833333333334,,,0.0,0.0,0.0,12,0
2019-08-08 12:05:00,254.9,255.25,254.75,255.1,76330,2019-08-08,2019,251.21666666666664,249.0333333333333,257.4666666666667,261.53333333333336,259.35,253.1,259.05,253.4,255.28333333333333,252.89583333333331,251.42083333333332,257.67083333333335,259.14583333333337,242.78333333333327,267.7833333333334,,,0.0,0.0,0.0,12,5
2019-08-08 12:10:00,255.1,255.5,254.95,255.0,65794,2019-08-08,2019,251.21666666666664,249.0333333333333,257.4666666666667,261.53333333333336,259.35,253.1,259.05,253.4,255.28333333333333,252.89583333333331,251.42083333333332,257.67083333333335,259.14583333333337,242.78333333333327,267.7833333333334,,,0.0,0.0,0.0,12,10
2019-08-08 12:15:00,255.0,255.5,254.75,254.8,65981,2019-08-08,2019,251.21666666666664,249.0333333333333,257.4666666666667,261.53333333333336,259.35,253.1,259.05,253.4,255.28333333333333,252.89583333333331,251.42083333333332,257.67083333333335,259.14583333333337,242.78333333333327,267.7833333333334,,,0.0,0.0,0.0,12,15
2019-08-08 12:20:00,254.75,254.85,254.55,254.6,33254,2019-08-08,2019,251.21666666666664,249.0333333333333,257.4666666666667,261.53333333333336,259.35,253.1,259.05,253.4,255.28333333333333,252.89583333333331,251.42083333333332,257.67083333333335,259.14583333333337,242.78333333333327,267.7833333333334,,,0.0,0.0,0.0,12,20
2019-08-08 12:25:00,254.65,254.9,254.55,254.8,37794,2019-08-08,2019,251.21666666666664,249.0333333333333,257.4666666666667,261.53333333333336,259.35,253.1,259.05,253.4,255.28333333333333,252.89583333333331,251.42083333333332,257.67083333333335,259.14583333333337,242.78333333333327,267.7833333333334,,,0.0,0.0,0.0,12,25
2019-08-08 12:30:00,254.9,254.95,254.65,254.85,28679,2019-08-08,2019,251.21666666666664,249.0333333333333,257.4666666666667,261.53333333333336,259.35,253.1,259.05,253.4,255.28333333333333,252.89583333333331,251.42083333333332,257.67083333333335,259.14583333333337,242.78333333333327,267.7833333333334,,,0.0,0.0,0.0,12,30
2019-08-08 12:35:00,254.85,255.0,254.6,254.75,34198,2019-08-08,2019,251.21666666666664,249.0333333333333,257.4666666666667,261.53333333333336,259.35,253.1,259.05,253.4,255.28333333333333,252.89583333333331,251.42083333333332,257.67083333333335,259.14583333333337,242.78333333333327,267.7833333333334,,,0.0,0.0,0.0,12,35
2019-08-08 12:40:00,254.75,254.95,254.65,254.85,20379,2019-08-08,2019,251.21666666666664,249.0333333333333,257.4666666666667,261.53333333333336,259.35,253.1,259.05,253.4,255.28333333333333,252.89583333333331,251.42083333333332,257.67083333333335,259.14583333333337,242.78333333333327,267.7833333333334,,,0.0,0.0,0.0,12,40
2019-08-08 12:45:00,254.9,255.15,254.85,254.9,38919,2019-08-08,2019,251.21666666666664,249.0333333333333,257.4666666666667,261.53333333333336,259.35,253.1,259.05,253.4,255.28333333333333,252.89583333333331,251.42083333333332,257.67083333333335,259.14583333333337,242.78333333333327,267.7833333333334,,,0.0,0.0,0.0,12,45
2019-08-08 12:50:00,254.9,255.0,254.65,254.9,34665,2019-08-08,2019,251.21666666666664,249.0333333333333,257.4666666666667,261.53333333333336,259.35,253.1,259.05,253.4,255.28333333333333,252.89583333333331,251.42083333333332,257.67083333333335,259.14583333333337,242.78333333333327,267.7833333333334,,,0.0,0.0,0.0,12,50
2019-08-08 12:55:00,254.9,255.35,254.9,255.25,34513,2019-08-08,2019,251.21666666666664,249.0333333333333,257.4666666666667,261.53333333333336,259.35,253.1,259.05,253.4,255.28333333333333,252.89583333333331,251.42083333333332,257.67083333333335,259.14583333333337,242.78333333333327,267.7833333333334,,,0.0,0.0,0.0,12,55
2019-08-08 13:00:00,255.3,255.35,255.05,255.1,29368,2019-08-08,2019,251.21666666666664,249.0333333333333,257.4666666666667,261.53333333333336,259.35,253.1,259.05,253.4,255.28333333333333,252.89583333333331,251.42083333333332,257.67083333333335,259.14583333333337,242.78333333333327,267.7833333333334,,,0.0,0.0,0.0,13,0
2019-08-08 13:05:00,255.1,255.45,255.05,255.35,29763,2019-08-08,2019,251.21666666666664,249.0333333333333,257.4666666666667,261.53333333333336,259.35,253.1,259.05,253.4,255.28333333333333,252.89583333333331,251.42083333333332,257.67083333333335,259.14583333333337,242.78333333333327,267.7833333333334,,,0.0,0.0,0.0,13,5
2019-08-08 13:10:00,255.4,255.55,255.35,255.5,82080,2019-08-08,2019,251.21666666666664,249.0333333333333,257.4666666666667,261.53333333333336,259.35,253.1,259.05,253.4,255.28333333333333,252.89583333333331,251.42083333333332,257.67083333333335,259.14583333333337,242.78333333333327,267.7833333333334,Exit,Buy,255.55,257.5166666666667,253.0,13,10
2019-08-08 13:15:00,255.5,255.6,255.35,255.6,65666,2019-08-08,2019,251.21666666666664,249.0333333333333,257.4666666666667,261.53333333333336,259.35,253.1,259.05,253.4,255.28333333333333,252.89583333333331,251.42083333333332,257.67083333333335,259.14583333333337,242.78333333333327,267.7833333333334,,,0.0,0.0,0.0,13,15
2019-08-08 13:20:00,255.6,255.95,255.55,255.9,92685,2019-08-08,2019,251.21666666666664,249.0333333333333,257.4666666666667,261.53333333333336,259.35,253.1,259.05,253.4,255.28333333333333,252.89583333333331,251.42083333333332,257.67083333333335,259.14583333333337,242.78333333333327,267.7833333333334,,,0.0,0.0,0.0,13,20
2019-08-08 13:25:00,255.9,256.0,255.75,256.0,67687,2019-08-08,2019,251.21666666666664,249.0333333333333,257.4666666666667,261.53333333333336,259.35,253.1,259.05,253.4,255.28333333333333,252.89583333333331,251.42083333333332,257.67083333333335,259.14583333333337,242.78333333333327,267.7833333333334,,,0.0,0.0,0.0,13,25
2019-08-08 13:30:00,256.0,256.25,255.8,256.25,95123,2019-08-08,2019,251.21666666666664,249.0333333333333,257.4666666666667,261.53333333333336,259.35,253.1,259.05,253.4,255.28333333333333,252.89583333333331,251.42083333333332,257.67083333333335,259.14583333333337,242.78333333333327,267.7833333333334,,,0.0,0.0,0.0,13,30
2019-08-08 13:35:00,256.25,256.8,255.75,256.75,292119,2019-08-08,2019,251.21666666666664,249.0333333333333,257.4666666666667,261.53333333333336,259.35,253.1,259.05,253.4,255.28333333333333,252.89583333333331,251.42083333333332,257.67083333333335,259.14583333333337,242.78333333333327,267.7833333333334,,,0.0,0.0,0.0,13,35
2019-08-08 13:40:00,256.75,256.9,256.5,256.6,132547,2019-08-08,2019,251.21666666666664,249.0333333333333,257.4666666666667,261.53333333333336,259.35,253.1,259.05,253.4,255.28333333333333,252.89583333333331,251.42083333333332,257.67083333333335,259.14583333333337,242.78333333333327,267.7833333333334,,,0.0,0.0,0.0,13,40
2019-08-08 13:45:00,256.65,256.75,256.5,256.6,56246,2019-08-08,2019,251.21666666666664,249.0333333333333,257.4666666666667,261.53333333333336,259.35,253.1,259.05,253.4,255.28333333333333,252.89583333333331,251.42083333333332,257.67083333333335,259.14583333333337,242.78333333333327,267.7833333333334,Exit,Sell,256.82775000000004,255.51108333333335,256.9,13,45
2019-08-08 13:50:00,256.55,257.15,256.5,256.85,204902,2019-08-08,2019,251.21666666666664,249.0333333333333,257.4666666666667,261.53333333333336,259.35,253.1,259.05,253.4,255.28333333333333,252.89583333333331,251.42083333333332,257.67083333333335,259.14583333333337,242.78333333333327,267.7833333333334,Exit,Buy,256.9,259.1958333333333,253.0,13,50
2019-08-08 13:55:00,256.9,257.15,256.7,257.1,93362,2019-08-08,2019,251.21666666666664,249.0333333333333,257.4666666666667,261.53333333333336,259.35,253.1,259.05,253.4,255.28333333333333,252.89583333333331,251.42083333333332,257.67083333333335,259.14583333333337,242.78333333333327,267.7833333333334,,,0.0,0.0,0.0,13,55
2019-08-08 14:00:00,257.1,257.35,256.9,257.3,71549,2019-08-08,2019,251.21666666666664,249.0333333333333,257.4666666666667,261.53333333333336,259.35,253.1,259.05,253.4,255.28333333333333,252.89583333333331,251.42083333333332,257.67083333333335,259.14583333333337,242.78333333333327,267.7833333333334,,,0.0,0.0,0.0,14,0
2019-08-08 14:05:00,257.35,257.6,257.0,257.1,80417,2019-08-08,2019,251.21666666666664,249.0333333333333,257.4666666666667,261.53333333333336,259.35,253.1,259.05,253.4,255.28333333333333,252.89583333333331,251.42083333333332,257.67083333333335,259.14583333333337,242.78333333333327,267.7833333333334,,,0.0,0.0,0.0,14,5
2019-08-08 14:10:00,257.1,257.1,256.5,256.5,74944,2019-08-08,2019,251.21666666666664,249.0333333333333,257.4666666666667,261.53333333333336,259.35,253.1,259.05,253.4,255.28333333333333,252.89583333333331,251.42083333333332,257.67083333333335,259.14583333333337,242.78333333333327,267.7833333333334,,,0.0,0.0,0.0,14,10
2019-08-08 14:15:00,256.6,256.7,256.3,256.5,62805,2019-08-08,2019,251.21666666666664,249.0333333333333,257.4666666666667,261.53333333333336,259.35,253.1,259.05,253.4,255.28333333333333,252.89583333333331,251.42083333333332,257.67083333333335,259.14583333333337,242.78333333333327,267.7833333333334,,,0.0,0.0,0.0,14,15
2019-08-08 14:20:00,256.55,256.95,256.45,256.95,55394,2019-08-08,2019,251.21666666666664,249.0333333333333,257.4666666666667,261.53333333333336,259.35,253.1,259.05,253.4,255.28333333333333,252.89583333333331,251.42083333333332,257.67083333333335,259.14583333333337,242.78333333333327,267.7833333333334,,,0.0,0.0,0.0,14,20
2019-08-08 14:25:00,257.05,258.0,256.95,257.95,132104,2019-08-08,2019,251.21666666666664,249.0333333333333,257.4666666666667,261.53333333333336,259.35,253.1,259.05,253.4,255.28333333333333,252.89583333333331,251.42083333333332,257.67083333333335,259.14583333333337,242.78333333333327,267.7833333333334,,,0.0,0.0,0.0,14,25
2019-08-08 14:30:00,257.95,258.4,257.3,258.0,125998,2019-08-08,2019,251.21666666666664,249.0333333333333,257.4666666666667,261.53333333333336,259.35,253.1,259.05,253.4,255.28333333333333,252.89583333333331,251.42083333333332,257.67083333333335,259.14583333333337,242.78333333333327,267.7833333333334,,,0.0,0.0,0.0,14,30
2019-08-08 14:35:00,257.95,258.25,257.65,258.2,101163,2019-08-08,2019,251.21666666666664,249.0333333333333,257.4666666666667,261.53333333333336,259.35,253.1,259.05,253.4,255.28333333333333,252.89583333333331,251.42083333333332,257.67083333333335,259.14583333333337,242.78333333333327,267.7833333333334,Exit,Sell,258.18449999999996,255.2678333333333,258.4,14,35
2019-08-08 14:40:00,258.15,258.7,258.0,258.25,103502,2019-08-08,2019,251.21666666666664,249.0333333333333,257.4666666666667,261.53333333333336,259.35,253.1,259.05,253.4,255.28333333333333,252.89583333333331,251.42083333333332,257.67083333333335,259.14583333333337,242.78333333333327,267.7833333333334,Exit,Buy,258.4,261.68333333333334,253.0,14,40
2019-08-08 14:45:00,258.25,258.35,257.8,257.95,71161,2019-08-08,2019,251.21666666666664,249.0333333333333,257.4666666666667,261.53333333333336,259.35,253.1,259.05,253.4,255.28333333333333,252.89583333333331,251.42083333333332,257.67083333333335,259.14583333333337,242.78333333333327,267.7833333333334,,,0.0,0.0,0.0,14,45
2019-08-08 14:50:00,257.95,258.25,257.85,257.9,48826,2019-08-08,2019,251.21666666666664,249.0333333333333,257.4666666666667,261.53333333333336,259.35,253.1,259.05,253.4,255.28333333333333,252.89583333333331,251.42083333333332,257.67083333333335,259.14583333333337,242.78333333333327,267.7833333333334,,,0.0,0.0,0.0,14,50
2019-08-08 14:55:00,257.95,257.95,257.4,257.9,94798,2019-08-08,2019,251.21666666666664,249.0333333333333,257.4666666666667,261.53333333333336,259.35,253.1,259.05,253.4,255.28333333333333,252.89583333333331,251.42083333333332,257.67083333333335,259.14583333333337,242.78333333333327,267.7833333333334,,,0.0,0.0,0.0,14,55
2019-08-08 15:00:00,257.9,258.15,257.5,257.6,116449,2019-08-08,2019,251.21666666666664,249.0333333333333,257.4666666666667,261.53333333333336,259.35,253.1,259.05,253.4,255.28333333333333,252.89583333333331,251.42083333333332,257.67083333333335,259.14583333333337,242.78333333333327,267.7833333333334,,,0.0,0.0,0.0,15,0
2019-08-08 15:05:00,257.55,258.1,257.55,258.05,147617,2019-08-08,2019,251.21666666666664,249.0333333333333,257.4666666666667,261.53333333333336,259.35,253.1,259.05,253.4,255.28333333333333,252.89583333333331,251.42083333333332,257.67083333333335,259.14583333333337,242.78333333333327,267.7833333333334,,,0.0,0.0,0.0,15,5
2019-08-08 15:10:00,258.0,258.15,257.3,257.3,147779,2019-08-08,2019,251.21666666666664,249.0333333333333,257.4666666666667,261.53333333333336,259.35,253.1,259.05,253.4,255.28333333333333,252.89583333333331,251.42083333333332,257.67083333333335,259.14583333333337,242.78333333333327,267.7833333333334,,,0.0,0.0,0.0,15,10
2019-08-08 15:15:00,257.3,257.8,257.25,257.65,149917,2019-08-08,2019,251.21666666666664,249.0333333333333,257.4666666666667,261.53333333333336,259.35,253.1,259.05,253.4,255.28333333333333,252.89583333333331,251.42083333333332,257.67083333333335,259.14583333333337,242.78333333333327,267.7833333333334,,,0.0,0.0,0.0,15,15
2019-08-08 15:20:00,257.6,258.05,257.55,257.95,142576,2019-08-08,2019,251.21666666666664,249.0333333333333,257.4666666666667,261.53333333333336,259.35,253.1,259.05,253.4,255.28333333333333,252.89583333333331,251.42083333333332,257.67083333333335,259.14583333333337,242.78333333333327,267.7833333333334,Exit,Sell,257.95,0.0,0.0,15,20
2019-08-08 15:25:00,257.95,258.0,257.55,257.8,159647,2019-08-08,2019,251.21666666666664,249.0333333333333,257.4666666666667,261.53333333333336,259.35,253.1,259.05,253.4,255.28333333333333,252.89583333333331,251.42083333333332,257.67083333333335,259.14583333333337,242.78333333333327,267.7833333333334,,,0.0,0.0,0.0,15,25
2019-08-09 09:15:00,258.85,258.85,257.9,258.3,148301,2019-08-09,2019,254.3,250.8,260.0,262.2,258.7,253.0,255.0,257.8,256.5,254.3226,252.97740000000002,258.6774,260.0226,245.10000000000002,267.9,,,0.0,0.0,0.0,9,15
2019-08-09 09:20:00,258.35,258.45,257.85,258.1,186958,2019-08-09,2019,254.3,250.8,260.0,262.2,258.7,253.0,255.0,257.8,256.5,254.3226,252.97740000000002,258.6774,260.0226,245.10000000000002,267.9,,,0.0,0.0,0.0,9,20
2019-08-09 09:25:00,258.1,258.55,258.05,258.45,144256,2019-08-09,2019,254.3,250.8,260.0,262.2,258.7,253.0,255.0,257.8,256.5,254.3226,252.97740000000002,258.6774,260.0226,245.10000000000002,267.9,,,0.0,0.0,0.0,9,25
2019-08-09 09:30:00,258.45,258.55,256.85,256.85,189372,2019-08-09,2019,254.3,250.8,260.0,262.2,258.7,253.0,255.0,257.8,256.5,254.3226,252.97740000000002,258.6774,260.0226,245.10000000000002,267.9,Entry,Sell,256.85,254.3226,258.85,9,30
2019-08-09 09:35:00,256.9,257.05,256.55,256.65,117109,2019-08-09,2019,254.3,250.8,260.0,262.2,258.7,253.0,255.0,257.8,256.5,254.3226,252.97740000000002,258.6774,260.0226,245.10000000000002,267.9,,,0.0,0.0,0.0,9,35
2019-08-09 09:40:00,256.7,256.7,256.0,256.05,178870,2019-08-09,2019,254.3,250.8,260.0,262.2,258.7,253.0,255.0,257.8,256.5,254.3226,252.97740000000002,258.6774,260.0226,245.10000000000002,267.9,,,0.0,0.0,0.0,9,40
2019-08-09 09:45:00,256.0,256.45,255.9,256.25,72721,2019-08-09,2019,254.3,250.8,260.0,262.2,258.7,253.0,255.0,257.8,256.5,254.3226,252.97740000000002,258.6774,260.0226,245.10000000000002,267.9,,,0.0,0.0,0.0,9,45
2019-08-09 09:50:00,256.25,256.45,256.0,256.1,83213,2019-08-09,2019,254.3,250.8,260.0,262.2,258.7,253.0,255.0,257.8,256.5,254.3226,252.97740000000002,258.6774,260.0226,245.10000000000002,267.9,,,0.0,0.0,0.0,9,50
2019-08-09 09:55:00,256.15,256.3,255.6,255.65,99907,2019-08-09,2019,254.3,250.8,260.0,262.2,258.7,253.0,255.0,257.8,256.5,254.3226,252.97740000000002,258.6774,260.0226,245.10000000000002,267.9,,,0.0,0.0,0.0,9,55
2019-08-09 10:00:00,255.8,255.9,255.6,255.75,67507,2019-08-09,2019,254.3,250.8,260.0,262.2,258.7,253.0,255.0,257.8,256.5,254.3226,252.97740000000002,258.6774,260.0226,245.10000000000002,267.9,,,0.0,0.0,0.0,10,0
2019-08-09 10:05:00,255.8,256.0,255.65,255.85,64933,2019-08-09,2019,254.3,250.8,260.0,262.2,258.7,253.0,255.0,257.8,256.5,254.3226,252.97740000000002,258.6774,260.0226,245.10000000000002,267.9,,,0.0,0.0,0.0,10,5
2019-08-09 10:10:00,255.85,255.9,255.5,255.65,82901,2019-08-09,2019,254.3,250.8,260.0,262.2,258.7,253.0,255.0,257.8,256.5,254.3226,252.97740000000002,258.6774,260.0226,245.10000000000002,267.9,,,0.0,0.0,0.0,10,10
2019-08-09 10:15:00,255.65,255.75,255.2,255.3,117942,2019-08-09,2019,254.3,250.8,260.0,262.2,258.7,253.0,255.0,257.8,256.5,254.3226,252.97740000000002,258.6774,260.0226,245.10000000000002,267.9,Exit,Buy,255.56575000000004,258.94315,255.5,10,15
2019-08-09 10:20:00,255.25,255.55,254.8,255.0,189275,2019-08-09,2019,254.3,250.8,260.0,262.2,258.7,253.0,255.0,257.8,256.5,254.3226,252.97740000000002,258.6774,260.0226,245.10000000000002,267.9,Exit,Sell,255.5,253.47740000000002,258.85,10,20
2019-08-09 10:25:00,255.0,255.25,254.8,255.1,113431,2019-08-09,2019,254.3,250.8,260.0,262.2,258.7,253.0,255.0,257.8,256.5,254.3226,252.97740000000002,258.6774,260.0226,245.10000000000002,267.9,,,0.0,0.0,0.0,10,25
2019-08-09 10:30:00,255.15,256.2,255.1,256.05,127235,2019-08-09,2019,254.3,250.8,260.0,262.2,258.7,253.0,255.0,257.8,256.5,254.3226,252.97740000000002,258.6774,260.0226,245.10000000000002,267.9,,,0.0,0.0,0.0,10,30
2019-08-09 10:35:00,255.9,256.1,255.75,256.0,80729,2019-08-09,2019,254.3,250.8,260.0,262.2,258.7,253.0,255.0,257.8,256.5,254.3226,252.97740000000002,258.6774,260.0226,245.10000000000002,267.9,,,0.0,0.0,0.0,10,35
2019-08-09 10:40:00,256.0,256.1,255.3,255.4,83182,2019-08-09,2019,254.3,250.8,260.0,262.2,258.7,253.0,255.0,257.8,256.5,254.3226,252.97740000000002,258.6774,260.0226,245.10000000000002,267.9,,,0.0,0.0,0.0,10,40
2019-08-09 10:45:00,255.4,255.5,255.15,255.45,62783,2019-08-09,2019,254.3,250.8,260.0,262.2,258.7,253.0,255.0,257.8,256.5,254.3226,252.97740000000002,258.6774,260.0226,245.10000000000002,267.9,,,0.0,0.0,0.0,10,45
2019-08-09 10:50:00,255.4,255.7,255.25,255.65,77617,2019-08-09,2019,254.3,250.8,260.0,262.2,258.7,253.0,255.0,257.8,256.5,254.3226,252.97740000000002,258.6774,260.0226,245.10000000000002,267.9,,,0.0,0.0,0.0,10,50
2019-08-09 10:55:00,255.6,255.7,255.35,255.55,58463,2019-08-09,2019,254.3,250.8,260.0,262.2,258.7,253.0,255.0,257.8,256.5,254.3226,252.97740000000002,258.6774,260.0226,245.10000000000002,267.9,,,0.0,0.0,0.0,10,55
2019-08-09 11:00:00,255.5,255.7,255.35,255.45,75367,2019-08-09,2019,254.3,250.8,260.0,262.2,258.7,253.0,255.0,257.8,256.5,254.3226,252.97740000000002,258.6774,260.0226,245.10000000000002,267.9,,,0.0,0.0,0.0,11,0
2019-08-09 11:05:00,255.45,255.5,255.15,255.3,93628,2019-08-09,2019,254.3,250.8,260.0,262.2,258.7,253.0,255.0,257.8,256.5,254.3226,252.97740000000002,258.6774,260.0226,245.10000000000002,267.9,,,0.0,0.0,0.0,11,5
2019-08-09 11:10:00,255.3,255.3,254.6,254.9,201460,2019-08-09,2019,254.3,250.8,260.0,262.2,258.7,253.0,255.0,257.8,256.5,254.3226,252.97740000000002,258.6774,260.0226,245.10000000000002,267.9,,,0.0,0.0,0.0,11,10
2019-08-09 11:15:00,254.85,255.0,254.8,255.0,134153,2019-08-09,2019,254.3,250.8,260.0,262.2,258.7,253.0,255.0,257.8,256.5,254.3226,252.97740000000002,258.6774,260.0226,245.10000000000002,267.9,,,0.0,0.0,0.0,11,15
2019-08-09 11:20:00,254.95,255.25,254.9,255.0,127200,2019-08-09,2019,254.3,250.8,260.0,262.2,258.7,253.0,255.0,257.8,256.5,254.3226,252.97740000000002,258.6774,260.0226,245.10000000000002,267.9,,,0.0,0.0,0.0,11,20
2019-08-09 11:25:00,255.05,255.3,255.0,255.1,78431,2019-08-09,2019,254.3,250.8,260.0,262.2,258.7,253.0,255.0,257.8,256.5,254.3226,252.97740000000002,258.6774,260.0226,245.10000000000002,267.9,,,0.0,0.0,0.0,11,25
2019-08-09 11:30:00,255.1,255.25,254.9,255.05,119126,2019-08-09,2019,254.3,250.8,260.0,262.2,258.7,253.0,255.0,257.8,256.5,254.3226,252.97740000000002,258.6774,260.0226,245.10000000000002,267.9,,,0.0,0.0,0.0,11,30
2019-08-09 11:35:00,255.05,255.35,255.0,255.2,71854,2019-08-09,2019,254.3,250.8,260.0,262.2,258.7,253.0,255.0,257.8,256.5,254.3226,252.97740000000002,258.6774,260.0226,245.10000000000002,267.9,,,0.0,0.0,0.0,11,35
2019-08-09 11:40:00,255.2,255.55,255.05,255.1,85397,2019-08-09,2019,254.3,250.8,260.0,262.2,258.7,253.0,255.0,257.8,256.5,254.3226,252.97740000000002,258.6774,260.0226,245.10000000000002,267.9,,,0.0,0.0,0.0,11,40
2019-08-09 11:45:00,255.1,255.35,255.0,255.1,80009,2019-08-09,2019,254.3,250.8,260.0,262.2,258.7,253.0,255.0,257.8,256.5,254.3226,252.97740000000002,258.6774,260.0226,245.10000000000002,267.9,,,0.0,0.0,0.0,11,45
2019-08-09 11:50:00,255.1,255.2,254.85,254.95,149100,2019-08-09,2019,254.3,250.8,260.0,262.2,258.7,253.0,255.0,257.8,256.5,254.3226,252.97740000000002,258.6774,260.0226,245.10000000000002,267.9,,,0.0,0.0,0.0,11,50
2019-08-09 11:55:00,254.9,255.05,254.8,254.9,113470,2019-08-09,2019,254.3,250.8,260.0,262.2,258.7,253.0,255.0,257.8,256.5,254.3226,252.97740000000002,258.6774,260.0226,245.10000000000002,267.9,,,0.0,0.0,0.0,11,55
2019-08-09 12:00:00,255.0,255.5,254.9,255.15,146855,2019-08-09,2019,254.3,250.8,260.0,262.2,258.7,253.0,255.0,257.8,256.5,254.3226,252.97740000000002,258.6774,260.0226,245.10000000000002,267.9,,,0.0,0.0,0.0,12,0
2019-08-09 12:05:00,255.15,255.3,254.95,255.1,71763,2019-08-09,2019,254.3,250.8,260.0,262.2,258.7,253.0,255.0,257.8,256.5,254.3226,252.97740000000002,258.6774,260.0226,245.10000000000002,267.9,,,0.0,0.0,0.0,12,5
2019-08-09 12:10:00,255.15,255.2,254.9,255.05,82742,2019-08-09,2019,254.3,250.8,260.0,262.2,258.7,253.0,255.0,257.8,256.5,254.3226,252.97740000000002,258.6774,260.0226,245.10000000000002,267.9,,,0.0,0.0,0.0,12,10
2019-08-09 12:15:00,255.05,255.15,254.8,254.9,104660,2019-08-09,2019,254.3,250.8,260.0,262.2,258.7,253.0,255.0,257.8,256.5,254.3226,252.97740000000002,258.6774,260.0226,245.10000000000002,267.9,,,0.0,0.0,0.0,12,15
2019-08-09 12:20:00,254.9,254.95,254.7,254.85,77052,2019-08-09,2019,254.3,250.8,260.0,262.2,258.7,253.0,255.0,257.8,256.5,254.3226,252.97740000000002,258.6774,260.0226,245.10000000000002,267.9,,,0.0,0.0,0.0,12,20
2019-08-09 12:25:00,254.85,255.0,254.7,254.9,90609,2019-08-09,2019,254.3,250.8,260.0,262.2,258.7,253.0,255.0,257.8,256.5,254.3226,252.97740000000002,258.6774,260.0226,245.10000000000002,267.9,,,0.0,0.0,0.0,12,25
2019-08-09 12:30:00,254.85,255.0,254.75,254.8,106983,2019-08-09,2019,254.3,250.8,260.0,262.2,258.7,253.0,255.0,257.8,256.5,254.3226,252.97740000000002,258.6774,260.0226,245.10000000000002,267.9,,,0.0,0.0,0.0,12,30
2019-08-09 12:35:00,254.8,255.0,254.75,254.95,79168,2019-08-09,2019,254.3,250.8,260.0,262.2,258.7,253.0,255.0,257.8,256.5,254.3226,252.97740000000002,258.6774,260.0226,245.10000000000002,267.9,,,0.0,0.0,0.0,12,35
2019-08-09 12:40:00,254.95,255.0,254.8,254.85,152022,2019-08-09,2019,254.3,250.8,260.0,262.2,258.7,253.0,255.0,257.8,256.5,254.3226,252.97740000000002,258.6774,260.0226,245.10000000000002,267.9,,,0.0,0.0,0.0,12,40
2019-08-09 12:45:00,254.9,255.0,254.8,254.9,89328,2019-08-09,2019,254.3,250.8,260.0,262.2,258.7,253.0,255.0,257.8,256.5,254.3226,252.97740000000002,258.6774,260.0226,245.10000000000002,267.9,,,0.0,0.0,0.0,12,45
2019-08-09 12:50:00,254.95,254.95,254.75,254.8,67850,2019-08-09,2019,254.3,250.8,260.0,262.2,258.7,253.0,255.0,257.8,256.5,254.3226,252.97740000000002,258.6774,260.0226,245.10000000000002,267.9,,,0.0,0.0,0.0,12,50
2019-08-09 12:55:00,254.85,254.95,254.65,254.9,103524,2019-08-09,2019,254.3,250.8,260.0,262.2,258.7,253.0,255.0,257.8,256.5,254.3226,252.97740000000002,258.6774,260.0226,245.10000000000002,267.9,,,0.0,0.0,0.0,12,55
2019-08-09 13:00:00,254.9,255.3,254.8,255.05,120650,2019-08-09,2019,254.3,250.8,260.0,262.2,258.7,253.0,255.0,257.8,256.5,254.3226,252.97740000000002,258.6774,260.0226,245.10000000000002,267.9,,,0.0,0.0,0.0,13,0
2019-08-09 13:05:00,255.1,255.25,254.8,255.1,79985,2019-08-09,2019,254.3,250.8,260.0,262.2,258.7,253.0,255.0,257.8,256.5,254.3226,252.97740000000002,258.6774,260.0226,245.10000000000002,267.9,,,0.0,0.0,0.0,13,5
2019-08-09 13:10:00,255.1,255.35,255.05,255.35,89500,2019-08-09,2019,254.3,250.8,260.0,262.2,258.7,253.0,255.0,257.8,256.5,254.3226,252.97740000000002,258.6774,260.0226,245.10000000000002,267.9,,,0.0,0.0,0.0,13,10
2019-08-09 13:15:00,255.35,255.4,255.1,255.2,73064,2019-08-09,2019,254.3,250.8,260.0,262.2,258.7,253.0,255.0,257.8,256.5,254.3226,252.97740000000002,258.6774,260.0226,245.10000000000002,267.9,,,0.0,0.0,0.0,13,15
2019-08-09 13:20:00,255.25,255.3,255.0,255.1,78554,2019-08-09,2019,254.3,250.8,260.0,262.2,258.7,253.0,255.0,257.8,256.5,254.3226,252.97740000000002,258.6774,260.0226,245.10000000000002,267.9,,,0.0,0.0,0.0,13,20
2019-08-09 13:25:00,255.15,255.2,254.95,255.05,101858,2019-08-09,2019,254.3,250.8,260.0,262.2,258.7,253.0,255.0,257.8,256.5,254.3226,252.97740000000002,258.6774,260.0226,245.10000000000002,267.9,,,0.0,0.0,0.0,13,25
2019-08-09 13:30:00,255.05,255.15,254.8,254.9,72701,2019-08-09,2019,254.3,250.8,260.0,262.2,258.7,253.0,255.0,257.8,256.5,254.3226,252.97740000000002,258.6774,260.0226,245.10000000000002,267.9,,,0.0,0.0,0.0,13,30
2019-08-09 13:35:00,254.9,254.95,254.65,254.65,89703,2019-08-09,2019,254.3,250.8,260.0,262.2,258.7,253.0,255.0,257.8,256.5,254.3226,252.97740000000002,258.6774,260.0226,245.10000000000002,267.9,,,0.0,0.0,0.0,13,35
2019-08-09 13:40:00,254.7,254.8,254.3,254.35,147139,2019-08-09,2019,254.3,250.8,260.0,262.2,258.7,253.0,255.0,257.8,256.5,254.3226,252.97740000000002,258.6774,260.0226,245.10000000000002,267.9,,,0.0,0.0,0.0,13,40
2019-08-09 13:45:00,254.35,254.6,254.05,254.4,146026,2019-08-09,2019,254.3,250.8,260.0,262.2,258.7,253.0,255.0,257.8,256.5,254.3226,252.97740000000002,258.6774,260.0226,245.10000000000002,267.9,,,0.0,0.0,0.0,13,45
2019-08-09 13:50:00,254.3,254.35,254.05,254.2,86070,2019-08-09,2019,254.3,250.8,260.0,262.2,258.7,253.0,255.0,257.8,256.5,254.3226,252.97740000000002,258.6774,260.0226,245.10000000000002,267.9,Exit,Buy,254.2225,256.52250000000004,254.05,13,50
2019-08-09 13:55:00,254.25,254.95,254.15,254.8,167121,2019-08-09,2019,254.3,250.8,260.0,262.2,258.7,253.0,255.0,257.8,256.5,254.3226,252.97740000000002,258.6774,260.0226,245.10000000000002,267.9,,,0.0,0.0,0.0,13,55
2019-08-09 14:00:00,254.8,254.9,254.4,254.4,89128,2019-08-09,2019,254.3,250.8,260.0,262.2,258.7,253.0,255.0,257.8,256.5,254.3226,252.97740000000002,258.6774,260.0226,245.10000000000002,267.9,,,0.0,0.0,0.0,14,0
2019-08-09 14:05:00,254.4,254.45,254.15,254.25,94734,2019-08-09,2019,254.3,250.8,260.0,262.2,258.7,253.0,255.0,257.8,256.5,254.3226,252.97740000000002,258.6774,260.0226,245.10000000000002,267.9,,,0.0,0.0,0.0,14,5
2019-08-09 14:10:00,254.2,254.35,254.15,254.15,76431,2019-08-09,2019,254.3,250.8,260.0,262.2,258.7,253.0,255.0,257.8,256.5,254.3226,252.97740000000002,258.6774,260.0226,245.10000000000002,267.9,,,0.0,0.0,0.0,14,10
2019-08-09 14:15:00,254.15,254.3,253.75,253.75,235620,2019-08-09,2019,254.3,250.8,260.0,262.2,258.7,253.0,255.0,257.8,256.5,254.3226,252.97740000000002,258.6774,260.0226,245.10000000000002,267.9,Exit,Sell,254.05,251.10000000000002,258.85,14,15
2019-08-09 14:20:00,253.75,254.0,253.75,253.95,123333,2019-08-09,2019,254.3,250.8,260.0,262.2,258.7,253.0,255.0,257.8,256.5,254.3226,252.97740000000002,258.6774,260.0226,245.10000000000002,267.9,,,0.0,0.0,0.0,14,20
2019-08-09 14:25:00,253.95,254.15,253.7,253.8,134502,2019-08-09,2019,254.3,250.8,260.0,262.2,258.7,253.0,255.0,257.8,256.5,254.3226,252.97740000000002,258.6774,260.0226,245.10000000000002,267.9,,,0.0,0.0,0.0,14,25
2019-08-09 14:30:00,253.85,254.0,253.5,253.65,118543,2019-08-09,2019,254.3,250.8,260.0,262.2,258.7,253.0,255.0,257.8,256.5,254.3226,252.97740000000002,258.6774,260.0226,245.10000000000002,267.9,,,0.0,0.0,0.0,14,30
2019-08-09 14:35:00,253.6,253.9,253.55,253.7,112303,2019-08-09,2019,254.3,250.8,260.0,262.2,258.7,253.0,255.0,257.8,256.5,254.3226,252.97740000000002,258.6774,260.0226,245.10000000000002,267.9,,,0.0,0.0,0.0,14,35
2019-08-09 14:40:00,253.7,254.15,253.6,254.0,225299,2019-08-09,2019,254.3,250.8,260.0,262.2,258.7,253.0,255.0,257.8,256.5,254.3226,252.97740000000002,258.6774,260.0226,245.10000000000002,267.9,,,0.0,0.0,0.0,14,40
2019-08-09 14:45:00,254.0,254.6,253.95,254.25,227546,2019-08-09,2019,254.3,250.8,260.0,262.2,258.7,253.0,255.0,257.8,256.5,254.3226,252.97740000000002,258.6774,260.0226,245.10000000000002,267.9,,,0.0,0.0,0.0,14,45
2019-08-09 14:50:00,254.25,254.5,254.0,254.15,91263,2019-08-09,2019,254.3,250.8,260.0,262.2,258.7,253.0,255.0,257.8,256.5,254.3226,252.97740000000002,258.6774,260.0226,245.10000000000002,267.9,,,0.0,0.0,0.0,14,50
2019-08-09 14:55:00,254.15,254.35,253.65,254.2,119346,2019-08-09,2019,254.3,250.8,260.0,262.2,258.7,253.0,255.0,257.8,256.5,254.3226,252.97740000000002,258.6774,260.0226,245.10000000000002,267.9,,,0.0,0.0,0.0,14,55
2019-08-09 15:00:00,254.2,254.45,253.9,254.1,296632,2019-08-09,2019,254.3,250.8,260.0,262.2,258.7,253.0,255.0,257.8,256.5,254.3226,252.97740000000002,258.6774,260.0226,245.10000000000002,267.9,,,0.0,0.0,0.0,15,0
2019-08-09 15:05:00,254.1,254.3,254.0,254.2,324718,2019-08-09,2019,254.3,250.8,260.0,262.2,258.7,253.0,255.0,257.8,256.5,254.3226,252.97740000000002,258.6774,260.0226,245.10000000000002,267.9,,,0.0,0.0,0.0,15,5
2019-08-09 15:10:00,254.2,254.75,254.1,254.75,472715,2019-08-09,2019,254.3,250.8,260.0,262.2,258.7,253.0,255.0,257.8,256.5,254.3226,252.97740000000002,258.6774,260.0226,245.10000000000002,267.9,,,0.0,0.0,0.0,15,10
2019-08-09 15:15:00,254.75,254.75,253.95,254.35,390048,2019-08-09,2019,254.3,250.8,260.0,262.2,258.7,253.0,255.0,257.8,256.5,254.3226,252.97740000000002,258.6774,260.0226,245.10000000000002,267.9,,,0.0,0.0,0.0,15,15
2019-08-09 15:20:00,254.35,254.45,253.7,254.1,314025,2019-08-09,2019,254.3,250.8,260.0,262.2,258.7,253.0,255.0,257.8,256.5,254.3226,252.97740000000002,258.6774,260.0226,245.10000000000002,267.9,Exit,Buy,254.1,0.0,0.0,15,20
2019-08-09 15:25:00,254.2,254.35,254.0,254.3,365595,2019-08-09,2019,254.3,250.8,260.0,262.2,258.7,253.0,255.0,257.8,256.5,254.3226,252.97740000000002,258.6774,260.0226,245.10000000000002,267.9,,,0.0,0.0,0.0,15,25
2019-08-13 09:15:00,253.8,254.0,249.6,250.45,926239,2019-08-13,2019,252.25000000000006,250.20000000000002,257.6000000000001,260.9000000000001,258.85,253.5,258.85,254.3,255.55000000000004,253.50630000000004,252.24370000000002,257.59370000000007,258.85630000000003,244.85,266.2500000000001,,,0.0,0.0,0.0,9,15
2019-08-13 09:20:00,250.25,250.9,250.15,250.55,267612,2019-08-13,2019,252.25000000000006,250.20000000000002,257.6000000000001,260.9000000000001,258.85,253.5,258.85,254.3,255.55000000000004,253.50630000000004,252.24370000000002,257.59370000000007,258.85630000000003,244.85,266.2500000000001,,,0.0,0.0,0.0,9,20
2019-08-13 09:25:00,250.6,252.4,250.25,252.25,376570,2019-08-13,2019,252.25000000000006,250.20000000000002,257.6000000000001,260.9000000000001,258.85,253.5,258.85,254.3,255.55000000000004,253.50630000000004,252.24370000000002,257.59370000000007,258.85630000000003,244.85,266.2500000000001,,,0.0,0.0,0.0,9,25
2019-08-13 09:30:00,252.25,252.25,250.4,250.55,168580,2019-08-13,2019,252.25000000000006,250.20000000000002,257.6000000000001,260.9000000000001,258.85,253.5,258.85,254.3,255.55000000000004,253.50630000000004,252.24370000000002,257.59370000000007,258.85630000000003,244.85,266.2500000000001,,,0.0,0.0,0.0,9,30
2019-08-13 09:35:00,250.55,250.6,250.0,250.15,161002,2019-08-13,2019,252.25000000000006,250.20000000000002,257.6000000000001,260.9000000000001,258.85,253.5,258.85,254.3,255.55000000000004,253.50630000000004,252.24370000000002,257.59370000000007,258.85630000000003,244.85,266.2500000000001,,,0.0,0.0,0.0,9,35
2019-08-13 09:40:00,250.15,250.45,250.0,250.4,158772,2019-08-13,2019,252.25000000000006,250.20000000000002,257.6000000000001,260.9000000000001,258.85,253.5,258.85,254.3,255.55000000000004,253.50630000000004,252.24370000000002,257.59370000000007,258.85630000000003,244.85,266.2500000000001,,,0.0,0.0,0.0,9,40
2019-08-13 09:45:00,250.45,250.45,249.3,249.5,292299,2019-08-13,2019,252.25000000000006,250.20000000000002,257.6000000000001,260.9000000000001,258.85,253.5,258.85,254.3,255.55000000000004,253.50630000000004,252.24370000000002,257.59370000000007,258.85630000000003,244.85,266.2500000000001,Entry,Sell,249.5,244.85,254.0,9,45
2019-08-13 09:50:00,249.5,249.9,249.25,249.9,170231,2019-08-13,2019,252.25000000000006,250.20000000000002,257.6000000000001,260.9000000000001,258.85,253.5,258.85,254.3,255.55000000000004,253.50630000000004,252.24370000000002,257.59370000000007,258.85630000000003,244.85,266.2500000000001,,,0.0,0.0,0.0,9,50
2019-08-13 09:55:00,249.9,250.25,249.25,249.25,146779,2019-08-13,2019,252.25000000000006,250.20000000000002,257.6000000000001,260.9000000000001,258.85,253.5,258.85,254.3,255.55000000000004,253.50630000000004,252.24370000000002,257.59370000000007,258.85630000000003,244.85,266.2500000000001,,,0.0,0.0,0.0,9,55
2019-08-13 10:00:00,249.35,249.6,249.2,249.3,222047,2019-08-13,2019,252.25000000000006,250.20000000000002,257.6000000000001,260.9000000000001,258.85,253.5,258.85,254.3,255.55000000000004,253.50630000000004,252.24370000000002,257.59370000000007,258.85630000000003,244.85,266.2500000000001,,,0.0,0.0,0.0,10,0
2019-08-13 10:05:00,249.35,249.4,249.1,249.35,167335,2019-08-13,2019,252.25000000000006,250.20000000000002,257.6000000000001,260.9000000000001,258.85,253.5,258.85,254.3,255.55000000000004,253.50630000000004,252.24370000000002,257.59370000000007,258.85630000000003,244.85,266.2500000000001,,,0.0,0.0,0.0,10,5
2019-08-13 10:10:00,249.3,249.3,248.6,248.95,281872,2019-08-13,2019,252.25000000000006,250.20000000000002,257.6000000000001,260.9000000000001,258.85,253.5,258.85,254.3,255.55000000000004,253.50630000000004,252.24370000000002,257.59370000000007,258.85630000000003,244.85,266.2500000000001,,,0.0,0.0,0.0,10,10
2019-08-13 10:15:00,249.0,249.2,248.9,249.15,259722,2019-08-13,2019,252.25000000000006,250.20000000000002,257.6000000000001,260.9000000000001,258.85,253.5,258.85,254.3,255.55000000000004,253.50630000000004,252.24370000000002,257.59370000000007,258.85630000000003,244.85,266.2500000000001,,,0.0,0.0,0.0,10,15
2019-08-13 10:20:00,249.15,249.3,248.75,248.9,147474,2019-08-13,2019,252.25000000000006,250.20000000000002,257.6000000000001,260.9000000000001,258.85,253.5,258.85,254.3,255.55000000000004,253.50630000000004,252.24370000000002,257.59370000000007,258.85630000000003,244.85,266.2500000000001,,,0.0,0.0,0.0,10,20
2019-08-13 10:25:00,248.9,248.95,248.55,248.55,166560,2019-08-13,2019,252.25000000000006,250.20000000000002,257.6000000000001,260.9000000000001,258.85,253.5,258.85,254.3,255.55000000000004,253.50630000000004,252.24370000000002,257.59370000000007,258.85630000000003,244.85,266.2500000000001,,,0.0,0.0,0.0,10,25
2019-08-13 10:30:00,248.6,249.1,248.55,249.1,130816,2019-08-13,2019,252.25000000000006,250.20000000000002,257.6000000000001,260.9000000000001,258.85,253.5,258.85,254.3,255.55000000000004,253.50630000000004,252.24370000000002,257.59370000000007,258.85630000000003,244.85,266.2500000000001,,,0.0,0.0,0.0,10,30
2019-08-13 10:35:00,249.05,249.05,248.5,248.6,161994,2019-08-13,2019,252.25000000000006,250.20000000000002,257.6000000000001,260.9000000000001,258.85,253.5,258.85,254.3,255.55000000000004,253.50630000000004,252.24370000000002,257.59370000000007,258.85630000000003,244.85,266.2500000000001,,,0.0,0.0,0.0,10,35
2019-08-13 10:40:00,248.6,249.1,248.55,249.05,170687,2019-08-13,2019,252.25000000000006,250.20000000000002,257.6000000000001,260.9000000000001,258.85,253.5,258.85,254.3,255.55000000000004,253.50630000000004,252.24370000000002,257.59370000000007,258.85630000000003,244.85,266.2500000000001,,,0.0,0.0,0.0,10,40
2019-08-13 10:45:00,249.05,249.35,249.0,249.3,218605,2019-08-13,2019,252.25000000000006,250.20000000000002,257.6000000000001,260.9000000000001,258.85,253.5,258.85,254.3,255.55000000000004,253.50630000000004,252.24370000000002,257.59370000000007,258.85630000000003,244.85,266.2500000000001,,,0.0,0.0,0.0,10,45
2019-08-13 10:50:00,249.25,249.55,249.15,249.3,203947,2019-08-13,2019,252.25000000000006,250.20000000000002,257.6000000000001,260.9000000000001,258.85,253.5,258.85,254.3,255.55000000000004,253.50630000000004,252.24370000000002,257.59370000000007,258.85630000000003,244.85,266.2500000000001,,,0.0,0.0,0.0,10,50
2019-08-13 10:55:00,249.3,249.3,248.85,249.05,163088,2019-08-13,2019,252.25000000000006,250.20000000000002,257.6000000000001,260.9000000000001,258.85,253.5,258.85,254.3,255.55000000000004,253.50630000000004,252.24370000000002,257.59370000000007,258.85630000000003,244.85,266.2500000000001,,,0.0,0.0,0.0,10,55
2019-08-13 11:00:00,249.0,249.15,248.95,249.1,125021,2019-08-13,2019,252.25000000000006,250.20000000000002,257.6000000000001,260.9000000000001,258.85,253.5,258.85,254.3,255.55000000000004,253.50630000000004,252.24370000000002,257.59370000000007,258.85630000000003,244.85,266.2500000000001,,,0.0,0.0,0.0,11,0
2019-08-13 11:05:00,249.1,249.2,249.0,249.2,104173,2019-08-13,2019,252.25000000000006,250.20000000000002,257.6000000000001,260.9000000000001,258.85,253.5,258.85,254.3,255.55000000000004,253.50630000000004,252.24370000000002,257.59370000000007,258.85630000000003,244.85,266.2500000000001,,,0.0,0.0,0.0,11,5
2019-08-13 11:10:00,249.2,249.55,249.1,249.25,140816,2019-08-13,2019,252.25000000000006,250.20000000000002,257.6000000000001,260.9000000000001,258.85,253.5,258.85,254.3,255.55000000000004,253.50630000000004,252.24370000000002,257.59370000000007,258.85630000000003,244.85,266.2500000000001,,,0.0,0.0,0.0,11,10
2019-08-13 11:15:00,249.2,249.45,249.1,249.4,135684,2019-08-13,2019,252.25000000000006,250.20000000000002,257.6000000000001,260.9000000000001,258.85,253.5,258.85,254.3,255.55000000000004,253.50630000000004,252.24370000000002,257.59370000000007,258.85630000000003,244.85,266.2500000000001,,,0.0,0.0,0.0,11,15
2019-08-13 11:20:00,249.4,250.15,249.35,250.1,559711,2019-08-13,2019,252.25000000000006,250.20000000000002,257.6000000000001,260.9000000000001,258.85,253.5,258.85,254.3,255.55000000000004,253.50630000000004,252.24370000000002,257.59370000000007,258.85630000000003,244.85,266.2500000000001,,,0.0,0.0,0.0,11,20
2019-08-13 11:25:00,250.1,250.1,249.3,249.4,245821,2019-08-13,2019,252.25000000000006,250.20000000000002,257.6000000000001,260.9000000000001,258.85,253.5,258.85,254.3,255.55000000000004,253.50630000000004,252.24370000000002,257.59370000000007,258.85630000000003,244.85,266.2500000000001,,,0.0,0.0,0.0,11,25
2019-08-13 11:30:00,249.45,249.5,248.9,248.95,336354,2019-08-13,2019,252.25000000000006,250.20000000000002,257.6000000000001,260.9000000000001,258.85,253.5,258.85,254.3,255.55000000000004,253.50630000000004,252.24370000000002,257.59370000000007,258.85630000000003,244.85,266.2500000000001,,,0.0,0.0,0.0,11,30
2019-08-13 11:35:00,248.95,249.0,248.7,248.75,147125,2019-08-13,2019,252.25000000000006,250.20000000000002,257.6000000000001,260.9000000000001,258.85,253.5,258.85,254.3,255.55000000000004,253.50630000000004,252.24370000000002,257.59370000000007,258.85630000000003,244.85,266.2500000000001,,,0.0,0.0,0.0,11,35
2019-08-13 11:40:00,248.7,248.75,248.7,248.75,103146,2019-08-13,2019,252.25000000000006,250.20000000000002,257.6000000000001,260.9000000000001,258.85,253.5,258.85,254.3,255.55000000000004,253.50630000000004,252.24370000000002,257.59370000000007,258.85630000000003,244.85,266.2500000000001,,,0.0,0.0,0.0,11,40
2019-08-13 11:45:00,248.75,248.75,248.55,248.6,186768,2019-08-13,2019,252.25000000000006,250.20000000000002,257.6000000000001,260.9000000000001,258.85,253.5,258.85,254.3,255.55000000000004,253.50630000000004,252.24370000000002,257.59370000000007,258.85630000000003,244.85,266.2500000000001,,,0.0,0.0,0.0,11,45
2019-08-13 11:50:00,248.6,248.65,247.9,248.0,675068,2019-08-13,2019,252.25000000000006,250.20000000000002,257.6000000000001,260.9000000000001,258.85,253.5,258.85,254.3,255.55000000000004,253.50630000000004,252.24370000000002,257.59370000000007,258.85630000000003,244.85,266.2500000000001,,,0.0,0.0,0.0,11,50
2019-08-13 11:55:00,248.0,248.15,247.9,248.15,159181,2019-08-13,2019,252.25000000000006,250.20000000000002,257.6000000000001,260.9000000000001,258.85,253.5,258.85,254.3,255.55000000000004,253.50630000000004,252.24370000000002,257.59370000000007,258.85630000000003,244.85,266.2500000000001,,,0.0,0.0,0.0,11,55
2019-08-13 12:00:00,248.1,248.2,247.55,247.6,209794,2019-08-13,2019,252.25000000000006,250.20000000000002,257.6000000000001,260.9000000000001,258.85,253.5,258.85,254.3,255.55000000000004,253.50630000000004,252.24370000000002,257.59370000000007,258.85630000000003,244.85,266.2500000000001,,,0.0,0.0,0.0,12,0
2019-08-13 12:05:00,247.6,247.7,247.15,247.6,235134,2019-08-13,2019,252.25000000000006,250.20000000000002,257.6000000000001,260.9000000000001,258.85,253.5,258.85,254.3,255.55000000000004,253.50630000000004,252.24370000000002,257.59370000000007,258.85630000000003,244.85,266.2500000000001,,,0.0,0.0,0.0,12,5
2019-08-13 12:10:00,247.65,247.75,247.5,247.6,147789,2019-08-13,2019,252.25000000000006,250.20000000000002,257.6000000000001,260.9000000000001,258.85,253.5,258.85,254.3,255.55000000000004,253.50630000000004,252.24370000000002,257.59370000000007,258.85630000000003,244.85,266.2500000000001,,,0.0,0.0,0.0,12,10
2019-08-13 12:15:00,247.65,247.65,247.35,247.4,134535,2019-08-13,2019,252.25000000000006,250.20000000000002,257.6000000000001,260.9000000000001,258.85,253.5,258.85,254.3,255.55000000000004,253.50630000000004,252.24370000000002,257.59370000000007,258.85630000000003,244.85,266.2500000000001,,,0.0,0.0,0.0,12,15
2019-08-13 12:20:00,247.4,247.45,247.1,247.15,154953,2019-08-13,2019,252.25000000000006,250.20000000000002,257.6000000000001,260.9000000000001,258.85,253.5,258.85,254.3,255.55000000000004,253.50630000000004,252.24370000000002,257.59370000000007,258.85630000000003,244.85,266.2500000000001,,,0.0,0.0,0.0,12,20
2019-08-13 12:25:00,247.15,247.25,246.85,246.95,298093,2019-08-13,2019,252.25000000000006,250.20000000000002,257.6000000000001,260.9000000000001,258.85,253.5,258.85,254.3,255.55000000000004,253.50630000000004,252.24370000000002,257.59370000000007,258.85630000000003,244.85,266.2500000000001,,,0.0,0.0,0.0,12,25
2019-08-13 12:30:00,247.0,247.05,246.6,246.7,145138,2019-08-13,2019,252.25000000000006,250.20000000000002,257.6000000000001,260.9000000000001,258.85,253.5,258.85,254.3,255.55000000000004,253.50630000000004,252.24370000000002,257.59370000000007,258.85630000000003,244.85,266.2500000000001,,,0.0,0.0,0.0,12,30
2019-08-13 12:35:00,246.85,247.0,246.6,246.8,140722,2019-08-13,2019,252.25000000000006,250.20000000000002,257.6000000000001,260.9000000000001,258.85,253.5,258.85,254.3,255.55000000000004,253.50630000000004,252.24370000000002,257.59370000000007,258.85630000000003,244.85,266.2500000000001,,,0.0,0.0,0.0,12,35
2019-08-13 12:40:00,246.8,246.85,245.75,245.8,343084,2019-08-13,2019,252.25000000000006,250.20000000000002,257.6000000000001,260.9000000000001,258.85,253.5,258.85,254.3,255.55000000000004,253.50630000000004,252.24370000000002,257.59370000000007,258.85630000000003,244.85,266.2500000000001,,,0.0,0.0,0.0,12,40
2019-08-13 12:45:00,245.9,246.0,245.35,245.85,317991,2019-08-13,2019,252.25000000000006,250.20000000000002,257.6000000000001,260.9000000000001,258.85,253.5,258.85,254.3,255.55000000000004,253.50630000000004,252.24370000000002,257.59370000000007,258.85630000000003,244.85,266.2500000000001,,,0.0,0.0,0.0,12,45
2019-08-13 12:50:00,245.9,246.3,245.8,246.05,321318,2019-08-13,2019,252.25000000000006,250.20000000000002,257.6000000000001,260.9000000000001,258.85,253.5,258.85,254.3,255.55000000000004,253.50630000000004,252.24370000000002,257.59370000000007,258.85630000000003,244.85,266.2500000000001,,,0.0,0.0,0.0,12,50
2019-08-13 12:55:00,246.05,246.15,245.9,246.05,175880,2019-08-13,2019,252.25000000000006,250.20000000000002,257.6000000000001,260.9000000000001,258.85,253.5,258.85,254.3,255.55000000000004,253.50630000000004,252.24370000000002,257.59370000000007,258.85630000000003,244.85,266.2500000000001,,,0.0,0.0,0.0,12,55
2019-08-13 13:00:00,246.1,246.3,245.75,246.05,218429,2019-08-13,2019,252.25000000000006,250.20000000000002,257.6000000000001,260.9000000000001,258.85,253.5,258.85,254.3,255.55000000000004,253.50630000000004,252.24370000000002,257.59370000000007,258.85630000000003,244.85,266.2500000000001,,,0.0,0.0,0.0,13,0
2019-08-13 13:05:00,246.05,246.25,245.6,245.75,228912,2019-08-13,2019,252.25000000000006,250.20000000000002,257.6000000000001,260.9000000000001,258.85,253.5,258.85,254.3,255.55000000000004,253.50630000000004,252.24370000000002,257.59370000000007,258.85630000000003,244.85,266.2500000000001,,,0.0,0.0,0.0,13,5
2019-08-13 13:10:00,245.75,246.0,245.6,245.9,112624,2019-08-13,2019,252.25000000000006,250.20000000000002,257.6000000000001,260.9000000000001,258.85,253.5,258.85,254.3,255.55000000000004,253.50630000000004,252.24370000000002,257.59370000000007,258.85630000000003,244.85,266.2500000000001,,,0.0,0.0,0.0,13,10
2019-08-13 13:15:00,245.85,245.9,245.5,245.75,139321,2019-08-13,2019,252.25000000000006,250.20000000000002,257.6000000000001,260.9000000000001,258.85,253.5,258.85,254.3,255.55000000000004,253.50630000000004,252.24370000000002,257.59370000000007,258.85630000000003,244.85,266.2500000000001,,,0.0,0.0,0.0,13,15
2019-08-13 13:20:00,245.75,245.75,245.45,245.55,149875,2019-08-13,2019,252.25000000000006,250.20000000000002,257.6000000000001,260.9000000000001,258.85,253.5,258.85,254.3,255.55000000000004,253.50630000000004,252.24370000000002,257.59370000000007,258.85630000000003,244.85,266.2500000000001,,,0.0,0.0,0.0,13,20
2019-08-13 13:25:00,245.6,246.05,245.5,245.8,267057,2019-08-13,2019,252.25000000000006,250.20000000000002,257.6000000000001,260.9000000000001,258.85,253.5,258.85,254.3,255.55000000000004,253.50630000000004,252.24370000000002,257.59370000000007,258.85630000000003,244.85,266.2500000000001,,,0.0,0.0,0.0,13,25
2019-08-13 13:30:00,245.9,246.25,245.8,246.15,1150478,2019-08-13,2019,252.25000000000006,250.20000000000002,257.6000000000001,260.9000000000001,258.85,253.5,258.85,254.3,255.55000000000004,253.50630000000004,252.24370000000002,257.59370000000007,258.85630000000003,244.85,266.2500000000001,,,0.0,0.0,0.0,13,30
2019-08-13 13:35:00,246.15,246.65,245.95,246.65,521012,2019-08-13,2019,252.25000000000006,250.20000000000002,257.6000000000001,260.9000000000001,258.85,253.5,258.85,254.3,255.55000000000004,253.50630000000004,252.24370000000002,257.59370000000007,258.85630000000003,244.85,266.2500000000001,,,0.0,0.0,0.0,13,35
2019-08-13 13:40:00,246.55,246.95,246.45,246.8,113658,2019-08-13,2019,252.25000000000006,250.20000000000002,257.6000000000001,260.9000000000001,258.85,253.5,258.85,254.3,255.55000000000004,253.50630000000004,252.24370000000002,257.59370000000007,258.85630000000003,244.85,266.2500000000001,,,0.0,0.0,0.0,13,40
2019-08-13 13:45:00,246.8,246.85,246.5,246.85,111433,2019-08-13,2019,252.25000000000006,250.20000000000002,257.6000000000001,260.9000000000001,258.85,253.5,258.85,254.3,255.55000000000004,253.50630000000004,252.24370000000002,257.59370000000007,258.85630000000003,244.85,266.2500000000001,,,0.0,0.0,0.0,13,45
2019-08-13 13:50:00,246.85,247.25,246.25,246.45,200607,2019-08-13,2019,252.25000000000006,250.20000000000002,257.6000000000001,260.9000000000001,258.85,253.5,258.85,254.3,255.55000000000004,253.50630000000004,252.24370000000002,257.59370000000007,258.85630000000003,244.85,266.2500000000001,,,0.0,0.0,0.0,13,50
2019-08-13 13:55:00,246.75,246.9,246.4,246.5,206931,2019-08-13,2019,252.25000000000006,250.20000000000002,257.6000000000001,260.9000000000001,258.85,253.5,258.85,254.3,255.55000000000004,253.50630000000004,252.24370000000002,257.59370000000007,258.85630000000003,244.85,266.2500000000001,,,0.0,0.0,0.0,13,55
2019-08-13 14:00:00,246.55,246.6,246.35,246.6,226753,2019-08-13,2019,252.25000000000006,250.20000000000002,257.6000000000001,260.9000000000001,258.85,253.5,258.85,254.3,255.55000000000004,253.50630000000004,252.24370000000002,257.59370000000007,258.85630000000003,244.85,266.2500000000001,,,0.0,0.0,0.0,14,0
2019-08-13 14:05:00,246.6,246.65,246.35,246.65,113403,2019-08-13,2019,252.25000000000006,250.20000000000002,257.6000000000001,260.9000000000001,258.85,253.5,258.85,254.3,255.55000000000004,253.50630000000004,252.24370000000002,257.59370000000007,258.85630000000003,244.85,266.2500000000001,,,0.0,0.0,0.0,14,5
2019-08-13 14:10:00,246.65,246.75,246.4,246.65,75732,2019-08-13,2019,252.25000000000006,250.20000000000002,257.6000000000001,260.9000000000001,258.85,253.5,258.85,254.3,255.55000000000004,253.50630000000004,252.24370000000002,257.59370000000007,258.85630000000003,244.85,266.2500000000001,,,0.0,0.0,0.0,14,10
2019-08-13 14:15:00,246.65,246.65,246.4,246.55,122771,2019-08-13,2019,252.25000000000006,250.20000000000002,257.6000000000001,260.9000000000001,258.85,253.5,258.85,254.3,255.55000000000004,253.50630000000004,252.24370000000002,257.59370000000007,258.85630000000003,244.85,266.2500000000001,,,0.0,0.0,0.0,14,15
2019-08-13 14:20:00,246.55,246.9,246.4,246.85,277963,2019-08-13,2019,252.25000000000006,250.20000000000002,257.6000000000001,260.9000000000001,258.85,253.5,258.85,254.3,255.55000000000004,253.50630000000004,252.24370000000002,257.59370000000007,258.85630000000003,244.85,266.2500000000001,,,0.0,0.0,0.0,14,20
2019-08-13 14:25:00,246.85,247.2,246.5,246.6,97899,2019-08-13,2019,252.25000000000006,250.20000000000002,257.6000000000001,260.9000000000001,258.85,253.5,258.85,254.3,255.55000000000004,253.50630000000004,252.24370000000002,257.59370000000007,258.85630000000003,244.85,266.2500000000001,,,0.0,0.0,0.0,14,25
2019-08-13 14:30:00,246.6,246.85,246.4,246.5,142685,2019-08-13,2019,252.25000000000006,250.20000000000002,257.6000000000001,260.9000000000001,258.85,253.5,258.85,254.3,255.55000000000004,253.50630000000004,252.24370000000002,257.59370000000007,258.85630000000003,244.85,266.2500000000001,,,0.0,0.0,0.0,14,30
2019-08-13 14:35:00,246.5,246.85,246.5,246.75,336067,2019-08-13,2019,252.25000000000006,250.20000000000002,257.6000000000001,260.9000000000001,258.85,253.5,258.85,254.3,255.55000000000004,253.50630000000004,252.24370000000002,257.59370000000007,258.85630000000003,244.85,266.2500000000001,,,0.0,0.0,0.0,14,35
2019-08-13 14:40:00,246.75,246.9,246.35,246.5,248883,2019-08-13,2019,252.25000000000006,250.20000000000002,257.6000000000001,260.9000000000001,258.85,253.5,258.85,254.3,255.55000000000004,253.50630000000004,252.24370000000002,257.59370000000007,258.85630000000003,244.85,266.2500000000001,,,0.0,0.0,0.0,14,40
2019-08-13 14:45:00,246.5,246.75,246.35,246.5,536966,2019-08-13,2019,252.25000000000006,250.20000000000002,257.6000000000001,260.9000000000001,258.85,253.5,258.85,254.3,255.55000000000004,253.50630000000004,252.24370000000002,257.59370000000007,258.85630000000003,244.85,266.2500000000001,,,0.0,0.0,0.0,14,45
2019-08-13 14:50:00,246.5,246.75,246.4,246.5,386143,2019-08-13,2019,252.25000000000006,250.20000000000002,257.6000000000001,260.9000000000001,258.85,253.5,258.85,254.3,255.55000000000004,253.50630000000004,252.24370000000002,257.59370000000007,258.85630000000003,244.85,266.2500000000001,,,0.0,0.0,0.0,14,50
2019-08-13 14:55:00,246.55,246.6,246.4,246.55,436276,2019-08-13,2019,252.25000000000006,250.20000000000002,257.6000000000001,260.9000000000001,258.85,253.5,258.85,254.3,255.55000000000004,253.50630000000004,252.24370000000002,257.59370000000007,258.85630000000003,244.85,266.2500000000001,,,0.0,0.0,0.0,14,55
2019-08-13 15:00:00,246.5,246.55,246.4,246.5,326409,2019-08-13,2019,252.25000000000006,250.20000000000002,257.6000000000001,260.9000000000001,258.85,253.5,258.85,254.3,255.55000000000004,253.50630000000004,252.24370000000002,257.59370000000007,258.85630000000003,244.85,266.2500000000001,,,0.0,0.0,0.0,15,0
2019-08-13 15:05:00,246.5,246.7,246.4,246.55,1055275,2019-08-13,2019,252.25000000000006,250.20000000000002,257.6000000000001,260.9000000000001,258.85,253.5,258.85,254.3,255.55000000000004,253.50630000000004,252.24370000000002,257.59370000000007,258.85630000000003,244.85,266.2500000000001,,,0.0,0.0,0.0,15,5
2019-08-13 15:10:00,246.5,246.7,246.35,246.5,518550,2019-08-13,2019,252.25000000000006,250.20000000000002,257.6000000000001,260.9000000000001,258.85,253.5,258.85,254.3,255.55000000000004,253.50630000000004,252.24370000000002,257.59370000000007,258.85630000000003,244.85,266.2500000000001,,,0.0,0.0,0.0,15,10
2019-08-13 15:15:00,246.6,246.65,246.45,246.5,811090,2019-08-13,2019,252.25000000000006,250.20000000000002,257.6000000000001,260.9000000000001,258.85,253.5,258.85,254.3,255.55000000000004,253.50630000000004,252.24370000000002,257.59370000000007,258.85630000000003,244.85,266.2500000000001,,,0.0,0.0,0.0,15,15
2019-08-13 15:20:00,246.5,246.75,245.65,245.85,707862,2019-08-13,2019,252.25000000000006,250.20000000000002,257.6000000000001,260.9000000000001,258.85,253.5,258.85,254.3,255.55000000000004,253.50630000000004,252.24370000000002,257.59370000000007,258.85630000000003,244.85,266.2500000000001,Exit,Buy,245.85,0.0,0.0,15,20
2019-08-13 15:25:00,245.95,246.05,244.05,244.65,612060,2019-08-13,2019,252.25000000000006,250.20000000000002,257.6000000000001,260.9000000000001,258.85,253.5,258.85,254.3,255.55000000000004,253.50630000000004,252.24370000000002,257.59370000000007,258.85630000000003,244.85,266.2500000000001,,,0.0,0.0,0.0,15,25
2019-08-14 09:15:00,246.3,246.3,244.1,245.0,365253,2019-08-14,2019,241.13333333333338,237.6166666666667,251.08333333333337,257.51666666666665,254.0,244.05,253.8,244.65,247.5666666666667,243.7657666666667,241.4175666666667,251.36756666666668,253.7157666666667,227.6666666666667,267.4666666666667,,,0.0,0.0,0.0,9,15
2019-08-14 09:20:00,244.9,247.15,244.85,247.1,715830,2019-08-14,2019,241.13333333333338,237.6166666666667,251.08333333333337,257.51666666666665,254.0,244.05,253.8,244.65,247.5666666666667,243.7657666666667,241.4175666666667,251.36756666666668,253.7157666666667,227.6666666666667,267.4666666666667,Entry,Buy,247.1,251.08333333333337,244.1,9,20
2019-08-14 09:25:00,247.1,247.7,247.05,247.35,215565,2019-08-14,2019,241.13333333333338,237.6166666666667,251.08333333333337,257.51666666666665,254.0,244.05,253.8,244.65,247.5666666666667,243.7657666666667,241.4175666666667,251.36756666666668,253.7157666666667,227.6666666666667,267.4666666666667,,,0.0,0.0,0.0,9,25
2019-08-14 09:30:00,247.35,247.5,246.75,247.05,218034,2019-08-14,2019,241.13333333333338,237.6166666666667,251.08333333333337,257.51666666666665,254.0,244.05,253.8,244.65,247.5666666666667,243.7657666666667,241.4175666666667,251.36756666666668,253.7157666666667,227.6666666666667,267.4666666666667,,,0.0,0.0,0.0,9,30
2019-08-14 09:35:00,247.05,247.4,246.95,247.25,138115,2019-08-14,2019,241.13333333333338,237.6166666666667,251.08333333333337,257.51666666666665,254.0,244.05,253.8,244.65,247.5666666666667,243.7657666666667,241.4175666666667,251.36756666666668,253.7157666666667,227.6666666666667,267.4666666666667,,,0.0,0.0,0.0,9,35
2019-08-14 09:40:00,247.25,247.3,246.4,246.65,97131,2019-08-14,2019,241.13333333333338,237.6166666666667,251.08333333333337,257.51666666666665,254.0,244.05,253.8,244.65,247.5666666666667,243.7657666666667,241.4175666666667,251.36756666666668,253.7157666666667,227.6666666666667,267.4666666666667,,,0.0,0.0,0.0,9,40
2019-08-14 09:45:00,246.65,247.55,246.55,247.35,126287,2019-08-14,2019,241.13333333333338,237.6166666666667,251.08333333333337,257.51666666666665,254.0,244.05,253.8,244.65,247.5666666666667,243.7657666666667,241.4175666666667,251.36756666666668,253.7157666666667,227.6666666666667,267.4666666666667,,,0.0,0.0,0.0,9,45
2019-08-14 09:50:00,247.35,247.5,246.85,246.9,90739,2019-08-14,2019,241.13333333333338,237.6166666666667,251.08333333333337,257.51666666666665,254.0,244.05,253.8,244.65,247.5666666666667,243.7657666666667,241.4175666666667,251.36756666666668,253.7157666666667,227.6666666666667,267.4666666666667,,,0.0,0.0,0.0,9,50
2019-08-14 09:55:00,246.9,247.35,246.7,247.05,91151,2019-08-14,2019,241.13333333333338,237.6166666666667,251.08333333333337,257.51666666666665,254.0,244.05,253.8,244.65,247.5666666666667,243.7657666666667,241.4175666666667,251.36756666666668,253.7157666666667,227.6666666666667,267.4666666666667,,,0.0,0.0,0.0,9,55
2019-08-14 10:00:00,247.1,247.55,247.0,247.4,77057,2019-08-14,2019,241.13333333333338,237.6166666666667,251.08333333333337,257.51666666666665,254.0,244.05,253.8,244.65,247.5666666666667,243.7657666666667,241.4175666666667,251.36756666666668,253.7157666666667,227.6666666666667,267.4666666666667,,,0.0,0.0,0.0,10,0
2019-08-14 10:05:00,247.4,248.45,247.35,248.4,141549,2019-08-14,2019,241.13333333333338,237.6166666666667,251.08333333333337,257.51666666666665,254.0,244.05,253.8,244.65,247.5666666666667,243.7657666666667,241.4175666666667,251.36756666666668,253.7157666666667,227.6666666666667,267.4666666666667,,,0.0,0.0,0.0,10,5
2019-08-14 10:10:00,248.4,249.25,248.4,249.05,262494,2019-08-14,2019,241.13333333333338,237.6166666666667,251.08333333333337,257.51666666666665,254.0,244.05,253.8,244.65,247.5666666666667,243.7657666666667,241.4175666666667,251.36756666666668,253.7157666666667,227.6666666666667,267.4666666666667,,,0.0,0.0,0.0,10,10
2019-08-14 10:15:00,249.05,249.35,249.0,249.25,165451,2019-08-14,2019,241.13333333333338,237.6166666666667,251.08333333333337,257.51666666666665,254.0,244.05,253.8,244.65,247.5666666666667,243.7657666666667,241.4175666666667,251.36756666666668,253.7157666666667,227.6666666666667,267.4666666666667,,,0.0,0.0,0.0,10,15
2019-08-14 10:20:00,249.25,249.65,249.0,249.55,130512,2019-08-14,2019,241.13333333333338,237.6166666666667,251.08333333333337,257.51666666666665,254.0,244.05,253.8,244.65,247.5666666666667,243.7657666666667,241.4175666666667,251.36756666666668,253.7157666666667,227.6666666666667,267.4666666666667,,,0.0,0.0,0.0,10,20
2019-08-14 10:25:00,249.55,250.0,249.55,249.7,165964,2019-08-14,2019,241.13333333333338,237.6166666666667,251.08333333333337,257.51666666666665,254.0,244.05,253.8,244.65,247.5666666666667,243.7657666666667,241.4175666666667,251.36756666666668,253.7157666666667,227.6666666666667,267.4666666666667,,,0.0,0.0,0.0,10,25
2019-08-14 10:30:00,249.7,250.0,249.7,250.0,122012,2019-08-14,2019,241.13333333333338,237.6166666666667,251.08333333333337,257.51666666666665,254.0,244.05,253.8,244.65,247.5666666666667,243.7657666666667,241.4175666666667,251.36756666666668,253.7157666666667,227.6666666666667,267.4666666666667,,,0.0,0.0,0.0,10,30
2019-08-14 10:35:00,250.0,250.4,249.85,250.25,127470,2019-08-14,2019,241.13333333333338,237.6166666666667,251.08333333333337,257.51666666666665,254.0,244.05,253.8,244.65,247.5666666666667,243.7657666666667,241.4175666666667,251.36756666666668,253.7157666666667,227.6666666666667,267.4666666666667,,,0.0,0.0,0.0,10,35
2019-08-14 10:40:00,250.2,250.5,250.15,250.4,103753,2019-08-14,2019,241.13333333333338,237.6166666666667,251.08333333333337,257.51666666666665,254.0,244.05,253.8,244.65,247.5666666666667,243.7657666666667,241.4175666666667,251.36756666666668,253.7157666666667,227.6666666666667,267.4666666666667,,,0.0,0.0,0.0,10,40
2019-08-14 10:45:00,250.4,251.0,250.3,250.5,226868,2019-08-14,2019,241.13333333333338,237.6166666666667,251.08333333333337,257.51666666666665,254.0,244.05,253.8,244.65,247.5666666666667,243.7657666666667,241.4175666666667,251.36756666666668,253.7157666666667,227.6666666666667,267.4666666666667,,,0.0,0.0,0.0,10,45
2019-08-14 10:50:00,250.5,250.7,250.45,250.5,147020,2019-08-14,2019,241.13333333333338,237.6166666666667,251.08333333333337,257.51666666666665,254.0,244.05,253.8,244.65,247.5666666666667,243.7657666666667,241.4175666666667,251.36756666666668,253.7157666666667,227.6666666666667,267.4666666666667,,,0.0,0.0,0.0,10,50
2019-08-14 10:55:00,250.55,251.15,250.5,251.0,228852,2019-08-14,2019,241.13333333333338,237.6166666666667,251.08333333333337,257.51666666666665,254.0,244.05,253.8,244.65,247.5666666666667,243.7657666666667,241.4175666666667,251.36756666666668,253.7157666666667,227.6666666666667,267.4666666666667,Exit,Sell,251.08333333333337,0.0,0.0,10,55
2019-08-14 11:00:00,251.0,251.35,251.0,251.05,130970,2019-08-14,2019,241.13333333333338,237.6166666666667,251.08333333333337,257.51666666666665,254.0,244.05,253.8,244.65,247.5666666666667,243.7657666666667,241.4175666666667,251.36756666666668,253.7157666666667,227.6666666666667,267.4666666666667,,,0.0,0.0,0.0,11,0
2019-08-14 11:05:00,251.15,251.45,251.0,251.25,906380,2019-08-14,2019,241.13333333333338,237.6166666666667,251.08333333333337,257.51666666666665,254.0,244.05,253.8,244.65,247.5666666666667,243.7657666666667,241.4175666666667,251.36756666666668,253.7157666666667,227.6666666666667,267.4666666666667,,,0.0,0.0,0.0,11,5
2019-08-14 11:10:00,251.3,251.45,251.2,251.2,74498,2019-08-14,2019,241.13333333333338,237.6166666666667,251.08333333333337,257.51666666666665,254.0,244.05,253.8,244.65,247.5666666666667,243.7657666666667,241.4175666666667,251.36756666666668,253.7157666666667,227.6666666666667,267.4666666666667,,,0.0,0.0,0.0,11,10
2019-08-14 11:15:00,251.2,251.35,251.0,251.35,80970,2019-08-14,2019,241.13333333333338,237.6166666666667,251.08333333333337,257.51666666666665,254.0,244.05,253.8,244.65,247.5666666666667,243.7657666666667,241.4175666666667,251.36756666666668,253.7157666666667,227.6666666666667,267.4666666666667,,,0.0,0.0,0.0,11,15
2019-08-14 11:20:00,251.25,252.4,251.25,252.05,326568,2019-08-14,2019,241.13333333333338,237.6166666666667,251.08333333333337,257.51666666666665,254.0,244.05,253.8,244.65,247.5666666666667,243.7657666666667,241.4175666666667,251.36756666666668,253.7157666666667,227.6666666666667,267.4666666666667,,,0.0,0.0,0.0,11,20
2019-08-14 11:25:00,252.0,252.3,252.0,252.25,109260,2019-08-14,2019,241.13333333333338,237.6166666666667,251.08333333333337,257.51666666666665,254.0,244.05,253.8,244.65,247.5666666666667,243.7657666666667,241.4175666666667,251.36756666666668,253.7157666666667,227.6666666666667,267.4666666666667,,,0.0,0.0,0.0,11,25
2019-08-14 11:30:00,252.25,253.55,252.1,252.7,576894,2019-08-14,2019,241.13333333333338,237.6166666666667,251.08333333333337,257.51666666666665,254.0,244.05,253.8,244.65,247.5666666666667,243.7657666666667,241.4175666666667,251.36756666666668,253.7157666666667,227.6666666666667,267.4666666666667,,,0.0,0.0,0.0,11,30
2019-08-14 11:35:00,252.65,252.7,252.1,252.15,105425,2019-08-14,2019,241.13333333333338,237.6166666666667,251.08333333333337,257.51666666666665,254.0,244.05,253.8,244.65,247.5666666666667,243.7657666666667,241.4175666666667,251.36756666666668,253.7157666666667,227.6666666666667,267.4666666666667,,,0.0,0.0,0.0,11,35
2019-08-14 11:40:00,252.15,252.15,251.55,251.55,211869,2019-08-14,2019,241.13333333333338,237.6166666666667,251.08333333333337,257.51666666666665,254.0,244.05,253.8,244.65,247.5666666666667,243.7657666666667,241.4175666666667,251.36756666666668,253.7157666666667,227.6666666666667,267.4666666666667,,,0.0,0.0,0.0,11,40
2019-08-14 11:45:00,251.55,251.6,251.35,251.55,61572,2019-08-14,2019,241.13333333333338,237.6166666666667,251.08333333333337,257.51666666666665,254.0,244.05,253.8,244.65,247.5666666666667,243.7657666666667,241.4175666666667,251.36756666666668,253.7157666666667,227.6666666666667,267.4666666666667,,,0.0,0.0,0.0,11,45
2019-08-14 11:50:00,251.6,251.85,251.2,251.25,214447,2019-08-14,2019,241.13333333333338,237.6166666666667,251.08333333333337,257.51666666666665,254.0,244.05,253.8,244.65,247.5666666666667,243.7657666666667,241.4175666666667,251.36756666666668,253.7157666666667,227.6666666666667,267.4666666666667,,,0.0,0.0,0.0,11,50
2019-08-14 11:55:00,251.25,251.6,251.2,251.6,77312,2019-08-14,2019,241.13333333333338,237.6166666666667,251.08333333333337,257.51666666666665,254.0,244.05,253.8,244.65,247.5666666666667,243.7657666666667,241.4175666666667,251.36756666666668,253.7157666666667,227.6666666666667,267.4666666666667,,,0.0,0.0,0.0,11,55
2019-08-14 12:00:00,251.5,251.65,250.65,250.9,548874,2019-08-14,2019,241.13333333333338,237.6166666666667,251.08333333333337,257.51666666666665,254.0,244.05,253.8,244.65,247.5666666666667,243.7657666666667,241.4175666666667,251.36756666666668,253.7157666666667,227.6666666666667,267.4666666666667,,,0.0,0.0,0.0,12,0
2019-08-14 12:05:00,250.85,251.25,250.7,250.85,100782,2019-08-14,2019,241.13333333333338,237.6166666666667,251.08333333333337,257.51666666666665,254.0,244.05,253.8,244.65,247.5666666666667,243.7657666666667,241.4175666666667,251.36756666666668,253.7157666666667,227.6666666666667,267.4666666666667,,,0.0,0.0,0.0,12,5
2019-08-14 12:10:00,250.85,250.95,250.15,250.2,447482,2019-08-14,2019,241.13333333333338,237.6166666666667,251.08333333333337,257.51666666666665,254.0,244.05,253.8,244.65,247.5666666666667,243.7657666666667,241.4175666666667,251.36756666666668,253.7157666666667,227.6666666666667,267.4666666666667,,,0.0,0.0,0.0,12,10
2019-08-14 12:15:00,250.3,250.8,250.0,250.8,134230,2019-08-14,2019,241.13333333333338,237.6166666666667,251.08333333333337,257.51666666666665,254.0,244.05,253.8,244.65,247.5666666666667,243.7657666666667,241.4175666666667,251.36756666666668,253.7157666666667,227.6666666666667,267.4666666666667,,,0.0,0.0,0.0,12,15
2019-08-14 12:20:00,250.8,251.8,250.75,251.65,138875,2019-08-14,2019,241.13333333333338,237.6166666666667,251.08333333333337,257.51666666666665,254.0,244.05,253.8,244.65,247.5666666666667,243.7657666666667,241.4175666666667,251.36756666666668,253.7157666666667,227.6666666666667,267.4666666666667,,,0.0,0.0,0.0,12,20
2019-08-14 12:25:00,251.7,251.9,251.0,251.0,163728,2019-08-14,2019,241.13333333333338,237.6166666666667,251.08333333333337,257.51666666666665,254.0,244.05,253.8,244.65,247.5666666666667,243.7657666666667,241.4175666666667,251.36756666666668,253.7157666666667,227.6666666666667,267.4666666666667,,,0.0,0.0,0.0,12,25
2019-08-14 12:30:00,251.0,251.2,250.65,250.65,68752,2019-08-14,2019,241.13333333333338,237.6166666666667,251.08333333333337,257.51666666666665,254.0,244.05,253.8,244.65,247.5666666666667,243.7657666666667,241.4175666666667,251.36756666666668,253.7157666666667,227.6666666666667,267.4666666666667,,,0.0,0.0,0.0,12,30
2019-08-14 12:35:00,250.65,251.1,250.65,251.05,76289,2019-08-14,2019,241.13333333333338,237.6166666666667,251.08333333333337,257.51666666666665,254.0,244.05,253.8,244.65,247.5666666666667,243.7657666666667,241.4175666666667,251.36756666666668,253.7157666666667,227.6666666666667,267.4666666666667,,,0.0,0.0,0.0,12,35
2019-08-14 12:40:00,251.0,251.05,250.6,250.75,387202,2019-08-14,2019,241.13333333333338,237.6166666666667,251.08333333333337,257.51666666666665,254.0,244.05,253.8,244.65,247.5666666666667,243.7657666666667,241.4175666666667,251.36756666666668,253.7157666666667,227.6666666666667,267.4666666666667,,,0.0,0.0,0.0,12,40
2019-08-14 12:45:00,250.75,251.3,250.7,251.25,56663,2019-08-14,2019,241.13333333333338,237.6166666666667,251.08333333333337,257.51666666666665,254.0,244.05,253.8,244.65,247.5666666666667,243.7657666666667,241.4175666666667,251.36756666666668,253.7157666666667,227.6666666666667,267.4666666666667,,,0.0,0.0,0.0,12,45
2019-08-14 12:50:00,251.25,251.25,251.0,251.1,40880,2019-08-14,2019,241.13333333333338,237.6166666666667,251.08333333333337,257.51666666666665,254.0,244.05,253.8,244.65,247.5666666666667,243.7657666666667,241.4175666666667,251.36756666666668,253.7157666666667,227.6666666666667,267.4666666666667,,,0.0,0.0,0.0,12,50
2019-08-14 12:55:00,251.0,251.05,250.5,250.6,60672,2019-08-14,2019,241.13333333333338,237.6166666666667,251.08333333333337,257.51666666666665,254.0,244.05,253.8,244.65,247.5666666666667,243.7657666666667,241.4175666666667,251.36756666666668,253.7157666666667,227.6666666666667,267.4666666666667,,,0.0,0.0,0.0,12,55
2019-08-14 13:00:00,250.6,250.65,250.35,250.5,62906,2019-08-14,2019,241.13333333333338,237.6166666666667,251.08333333333337,257.51666666666665,254.0,244.05,253.8,244.65,247.5666666666667,243.7657666666667,241.4175666666667,251.36756666666668,253.7157666666667,227.6666666666667,267.4666666666667,,,0.0,0.0,0.0,13,0
2019-08-14 13:05:00,250.5,251.05,250.5,250.55,48495,2019-08-14,2019,241.13333333333338,237.6166666666667,251.08333333333337,257.51666666666665,254.0,244.05,253.8,244.65,247.5666666666667,243.7657666666667,241.4175666666667,251.36756666666668,253.7157666666667,227.6666666666667,267.4666666666667,,,0.0,0.0,0.0,13,5
2019-08-14 13:10:00,250.55,251.05,250.5,250.6,46892,2019-08-14,2019,241.13333333333338,237.6166666666667,251.08333333333337,257.51666666666665,254.0,244.05,253.8,244.65,247.5666666666667,243.7657666666667,241.4175666666667,251.36756666666668,253.7157666666667,227.6666666666667,267.4666666666667,,,0.0,0.0,0.0,13,10
2019-08-14 13:15:00,250.5,250.8,250.1,250.4,71528,2019-08-14,2019,241.13333333333338,237.6166666666667,251.08333333333337,257.51666666666665,254.0,244.05,253.8,244.65,247.5666666666667,243.7657666666667,241.4175666666667,251.36756666666668,253.7157666666667,227.6666666666667,267.4666666666667,,,0.0,0.0,0.0,13,15
2019-08-14 13:20:00,250.4,250.5,250.15,250.45,66143,2019-08-14,2019,241.13333333333338,237.6166666666667,251.08333333333337,257.51666666666665,254.0,244.05,253.8,244.65,247.5666666666667,243.7657666666667,241.4175666666667,251.36756666666668,253.7157666666667,227.6666666666667,267.4666666666667,,,0.0,0.0,0.0,13,20
2019-08-14 13:25:00,250.45,250.7,250.3,250.65,40495,2019-08-14,2019,241.13333333333338,237.6166666666667,251.08333333333337,257.51666666666665,254.0,244.05,253.8,244.65,247.5666666666667,243.7657666666667,241.4175666666667,251.36756666666668,253.7157666666667,227.6666666666667,267.4666666666667,,,0.0,0.0,0.0,13,25
2019-08-14 13:30:00,250.7,250.7,250.3,250.7,62751,2019-08-14,2019,241.13333333333338,237.6166666666667,251.08333333333337,257.51666666666665,254.0,244.05,253.8,244.65,247.5666666666667,243.7657666666667,241.4175666666667,251.36756666666668,253.7157666666667,227.6666666666667,267.4666666666667,,,0.0,0.0,0.0,13,30
2019-08-14 13:35:00,250.6,250.9,250.55,250.65,111064,2019-08-14,2019,241.13333333333338,237.6166666666667,251.08333333333337,257.51666666666665,254.0,244.05,253.8,244.65,247.5666666666667,243.7657666666667,241.4175666666667,251.36756666666668,253.7157666666667,227.6666666666667,267.4666666666667,,,0.0,0.0,0.0,13,35
2019-08-14 13:40:00,250.7,250.7,250.35,250.4,67625,2019-08-14,2019,241.13333333333338,237.6166666666667,251.08333333333337,257.51666666666665,254.0,244.05,253.8,244.65,247.5666666666667,243.7657666666667,241.4175666666667,251.36756666666668,253.7157666666667,227.6666666666667,267.4666666666667,,,0.0,0.0,0.0,13,40
2019-08-14 13:45:00,250.4,250.7,250.35,250.6,70867,2019-08-14,2019,241.13333333333338,237.6166666666667,251.08333333333337,257.51666666666665,254.0,244.05,253.8,244.65,247.5666666666667,243.7657666666667,241.4175666666667,251.36756666666668,253.7157666666667,227.6666666666667,267.4666666666667,,,0.0,0.0,0.0,13,45
2019-08-14 13:50:00,250.55,251.0,250.5,250.95,93037,2019-08-14,2019,241.13333333333338,237.6166666666667,251.08333333333337,257.51666666666665,254.0,244.05,253.8,244.65,247.5666666666667,243.7657666666667,241.4175666666667,251.36756666666668,253.7157666666667,227.6666666666667,267.4666666666667,,,0.0,0.0,0.0,13,50
2019-08-14 13:55:00,251.0,251.0,250.35,250.35,92366,2019-08-14,2019,241.13333333333338,237.6166666666667,251.08333333333337,257.51666666666665,254.0,244.05,253.8,244.65,247.5666666666667,243.7657666666667,241.4175666666667,251.36756666666668,253.7157666666667,227.6666666666667,267.4666666666667,,,0.0,0.0,0.0,13,55
2019-08-14 14:00:00,250.4,250.55,250.3,250.5,68697,2019-08-14,2019,241.13333333333338,237.6166666666667,251.08333333333337,257.51666666666665,254.0,244.05,253.8,244.65,247.5666666666667,243.7657666666667,241.4175666666667,251.36756666666668,253.7157666666667,227.6666666666667,267.4666666666667,,,0.0,0.0,0.0,14,0
2019-08-14 14:05:00,250.55,251.2,250.3,251.1,166453,2019-08-14,2019,241.13333333333338,237.6166666666667,251.08333333333337,257.51666666666665,254.0,244.05,253.8,244.65,247.5666666666667,243.7657666666667,241.4175666666667,251.36756666666668,253.7157666666667,227.6666666666667,267.4666666666667,,,0.0,0.0,0.0,14,5
2019-08-14 14:10:00,251.1,251.1,250.7,250.9,113205,2019-08-14,2019,241.13333333333338,237.6166666666667,251.08333333333337,257.51666666666665,254.0,244.05,253.8,244.65,247.5666666666667,243.7657666666667,241.4175666666667,251.36756666666668,253.7157666666667,227.6666666666667,267.4666666666667,,,0.0,0.0,0.0,14,10
2019-08-14 14:15:00,250.9,250.9,250.45,250.6,96260,2019-08-14,2019,241.13333333333338,237.6166666666667,251.08333333333337,257.51666666666665,254.0,244.05,253.8,244.65,247.5666666666667,243.7657666666667,241.4175666666667,251.36756666666668,253.7157666666667,227.6666666666667,267.4666666666667,,,0.0,0.0,0.0,14,15
2019-08-14 14:20:00,250.6,250.95,250.4,250.7,120429,2019-08-14,2019,241.13333333333338,237.6166666666667,251.08333333333337,257.51666666666665,254.0,244.05,253.8,244.65,247.5666666666667,243.7657666666667,241.4175666666667,251.36756666666668,253.7157666666667,227.6666666666667,267.4666666666667,,,0.0,0.0,0.0,14,20
2019-08-14 14:25:00,250.7,250.9,250.3,250.35,108458,2019-08-14,2019,241.13333333333338,237.6166666666667,251.08333333333337,257.51666666666665,254.0,244.05,253.8,244.65,247.5666666666667,243.7657666666667,241.4175666666667,251.36756666666668,253.7157666666667,227.6666666666667,267.4666666666667,,,0.0,0.0,0.0,14,25
2019-08-14 14:30:00,250.35,250.4,249.7,249.8,192955,2019-08-14,2019,241.13333333333338,237.6166666666667,251.08333333333337,257.51666666666665,254.0,244.05,253.8,244.65,247.5666666666667,243.7657666666667,241.4175666666667,251.36756666666668,253.7157666666667,227.6666666666667,267.4666666666667,,,0.0,0.0,0.0,14,30
2019-08-14 14:35:00,249.75,250.0,249.55,250.0,161804,2019-08-14,2019,241.13333333333338,237.6166666666667,251.08333333333337,257.51666666666665,254.0,244.05,253.8,244.65,247.5666666666667,243.7657666666667,241.4175666666667,251.36756666666668,253.7157666666667,227.6666666666667,267.4666666666667,,,0.0,0.0,0.0,14,35
2019-08-14 14:40:00,250.0,250.25,249.65,250.1,128466,2019-08-14,2019,241.13333333333338,237.6166666666667,251.08333333333337,257.51666666666665,254.0,244.05,253.8,244.65,247.5666666666667,243.7657666666667,241.4175666666667,251.36756666666668,253.7157666666667,227.6666666666667,267.4666666666667,,,0.0,0.0,0.0,14,40
2019-08-14 14:45:00,250.1,250.2,250.0,250.1,105238,2019-08-14,2019,241.13333333333338,237.6166666666667,251.08333333333337,257.51666666666665,254.0,244.05,253.8,244.65,247.5666666666667,243.7657666666667,241.4175666666667,251.36756666666668,253.7157666666667,227.6666666666667,267.4666666666667,,,0.0,0.0,0.0,14,45
2019-08-14 14:50:00,250.1,250.15,249.8,249.95,110286,2019-08-14,2019,241.13333333333338,237.6166666666667,251.08333333333337,257.51666666666665,254.0,244.05,253.8,244.65,247.5666666666667,243.7657666666667,241.4175666666667,251.36756666666668,253.7157666666667,227.6666666666667,267.4666666666667,,,0.0,0.0,0.0,14,50
2019-08-14 14:55:00,249.95,250.45,249.95,250.2,89105,2019-08-14,2019,241.13333333333338,237.6166666666667,251.08333333333337,257.51666666666665,254.0,244.05,253.8,244.65,247.5666666666667,243.7657666666667,241.4175666666667,251.36756666666668,253.7157666666667,227.6666666666667,267.4666666666667,,,0.0,0.0,0.0,14,55
2019-08-14 15:00:00,250.2,250.3,248.7,248.85,378493,2019-08-14,2019,241.13333333333338,237.6166666666667,251.08333333333337,257.51666666666665,254.0,244.05,253.8,244.65,247.5666666666667,243.7657666666667,241.4175666666667,251.36756666666668,253.7157666666667,227.6666666666667,267.4666666666667,,,0.0,0.0,0.0,15,0
2019-08-14 15:05:00,248.85,248.95,248.35,248.45,342640,2019-08-14,2019,241.13333333333338,237.6166666666667,251.08333333333337,257.51666666666665,254.0,244.05,253.8,244.65,247.5666666666667,243.7657666666667,241.4175666666667,251.36756666666668,253.7157666666667,227.6666666666667,267.4666666666667,,,0.0,0.0,0.0,15,5
2019-08-14 15:10:00,248.45,249.7,248.05,249.45,535784,2019-08-14,2019,241.13333333333338,237.6166666666667,251.08333333333337,257.51666666666665,254.0,244.05,253.8,244.65,247.5666666666667,243.7657666666667,241.4175666666667,251.36756666666668,253.7157666666667,227.6666666666667,267.4666666666667,,,0.0,0.0,0.0,15,10
2019-08-14 15:15:00,249.55,249.55,248.3,248.55,488613,2019-08-14,2019,241.13333333333338,237.6166666666667,251.08333333333337,257.51666666666665,254.0,244.05,253.8,244.65,247.5666666666667,243.7657666666667,241.4175666666667,251.36756666666668,253.7157666666667,227.6666666666667,267.4666666666667,,,0.0,0.0,0.0,15,15
2019-08-14 15:20:00,248.5,249.0,248.35,248.6,403750,2019-08-14,2019,241.13333333333338,237.6166666666667,251.08333333333337,257.51666666666665,254.0,244.05,253.8,244.65,247.5666666666667,243.7657666666667,241.4175666666667,251.36756666666668,253.7157666666667,227.6666666666667,267.4666666666667,,,0.0,0.0,0.0,15,20
2019-08-14 15:25:00,248.6,248.75,248.3,248.6,273483,2019-08-14,2019,241.13333333333338,237.6166666666667,251.08333333333337,257.51666666666665,254.0,244.05,253.8,244.65,247.5666666666667,243.7657666666667,241.4175666666667,251.36756666666668,253.7157666666667,227.6666666666667,267.4666666666667,,,0.0,0.0,0.0,15,25
2019-08-16 09:15:00,248.75,248.8,247.4,247.9,350188,2019-08-16,2019,243.95,239.29999999999998,253.4,258.20000000000005,253.55,244.1,246.3,248.6,248.75,245.1401,242.9099,252.3599,254.5901,229.84999999999997,267.65000000000003,,,0.0,0.0,0.0,9,15
2019-08-16 09:20:00,247.9,247.95,247.5,247.9,204574,2019-08-16,2019,243.95,239.29999999999998,253.4,258.20000000000005,253.55,244.1,246.3,248.6,248.75,245.1401,242.9099,252.3599,254.5901,229.84999999999997,267.65000000000003,,,0.0,0.0,0.0,9,20
2019-08-16 09:25:00,248.0,248.4,247.6,247.8,162230,2019-08-16,2019,243.95,239.29999999999998,253.4,258.20000000000005,253.55,244.1,246.3,248.6,248.75,245.1401,242.9099,252.3599,254.5901,229.84999999999997,267.65000000000003,,,0.0,0.0,0.0,9,25
2019-08-16 09:30:00,247.75,248.8,247.75,248.25,165874,2019-08-16,2019,243.95,239.29999999999998,253.4,258.20000000000005,253.55,244.1,246.3,248.6,248.75,245.1401,242.9099,252.3599,254.5901,229.84999999999997,267.65000000000003,,,0.0,0.0,0.0,9,30
2019-08-16 09:35:00,248.25,250.4,248.05,250.2,301678,2019-08-16,2019,243.95,239.29999999999998,253.4,258.20000000000005,253.55,244.1,246.3,248.6,248.75,245.1401,242.9099,252.3599,254.5901,229.84999999999997,267.65000000000003,Entry,Buy,250.2,252.3599,247.4,9,35
2019-08-16 09:40:00,250.15,250.85,250.1,250.6,253473,2019-08-16,2019,243.95,239.29999999999998,253.4,258.20000000000005,253.55,244.1,246.3,248.6,248.75,245.1401,242.9099,252.3599,254.5901,229.84999999999997,267.65000000000003,,,0.0,0.0,0.0,9,40
2019-08-16 09:45:00,250.5,251.25,250.35,251.25,213086,2019-08-16,2019,243.95,239.29999999999998,253.4,258.20000000000005,253.55,244.1,246.3,248.6,248.75,245.1401,242.9099,252.3599,254.5901,229.84999999999997,267.65000000000003,,,0.0,0.0,0.0,9,45
2019-08-16 09:50:00,251.15,251.65,250.8,251.0,236349,2019-08-16,2019,243.95,239.29999999999998,253.4,258.20000000000005,253.55,244.1,246.3,248.6,248.75,245.1401,242.9099,252.3599,254.5901,229.84999999999997,267.65000000000003,,,0.0,0.0,0.0,9,50
2019-08-16 09:55:00,251.1,251.1,250.6,250.75,110634,2019-08-16,2019,243.95,239.29999999999998,253.4,258.20000000000005,253.55,244.1,246.3,248.6,248.75,245.1401,242.9099,252.3599,254.5901,229.84999999999997,267.65000000000003,Exit,Sell,251.451,249.451,251.65,9,55
2019-08-16 10:00:00,250.7,250.75,250.2,250.25,88078,2019-08-16,2019,243.95,239.29999999999998,253.4,258.20000000000005,253.55,244.1,246.3,248.6,248.75,245.1401,242.9099,252.3599,254.5901,229.84999999999997,267.65000000000003,,,0.0,0.0,0.0,10,0
2019-08-16 10:05:00,250.2,250.25,249.75,249.95,134064,2019-08-16,2019,243.95,239.29999999999998,253.4,258.20000000000005,253.55,244.1,246.3,248.6,248.75,245.1401,242.9099,252.3599,254.5901,229.84999999999997,267.65000000000003,,,0.0,0.0,0.0,10,5
2019-08-16 10:10:00,249.95,250.55,249.9,250.1,94437,2019-08-16,2019,243.95,239.29999999999998,253.4,258.20000000000005,253.55,244.1,246.3,248.6,248.75,245.1401,242.9099,252.3599,254.5901,229.84999999999997,267.65000000000003,Exit,Buy,250.193745,252.45364500000002,247.4,10,10
2019-08-16 10:15:00,250.1,250.1,249.65,249.95,97732,2019-08-16,2019,243.95,239.29999999999998,253.4,258.20000000000005,253.55,244.1,246.3,248.6,248.75,245.1401,242.9099,252.3599,254.5901,229.84999999999997,267.65000000000003,,,0.0,0.0,0.0,10,15
2019-08-16 10:20:00,249.95,250.0,249.5,249.6,73708,2019-08-16,2019,243.95,239.29999999999998,253.4,258.20000000000005,253.55,244.1,246.3,248.6,248.75,245.1401,242.9099,252.3599,254.5901,229.84999999999997,267.65000000000003,,,0.0,0.0,0.0,10,20
2019-08-16 10:25:00,249.6,249.75,249.5,249.65,64058,2019-08-16,2019,243.95,239.29999999999998,253.4,258.20000000000005,253.55,244.1,246.3,248.6,248.75,245.1401,242.9099,252.3599,254.5901,229.84999999999997,267.65000000000003,,,0.0,0.0,0.0,10,25
2019-08-16 10:30:00,249.65,250.25,249.6,250.2,58654,2019-08-16,2019,243.95,239.29999999999998,253.4,258.20000000000005,253.55,244.1,246.3,248.6,248.75,245.1401,242.9099,252.3599,254.5901,229.84999999999997,267.65000000000003,,,0.0,0.0,0.0,10,30
2019-08-16 10:35:00,250.2,250.45,250.0,250.15,77412,2019-08-16,2019,243.95,239.29999999999998,253.4,258.20000000000005,253.55,244.1,246.3,248.6,248.75,245.1401,242.9099,252.3599,254.5901,229.84999999999997,267.65000000000003,,,0.0,0.0,0.0,10,35
2019-08-16 10:40:00,250.15,250.75,250.0,250.25,105079,2019-08-16,2019,243.95,239.29999999999998,253.4,258.20000000000005,253.55,244.1,246.3,248.6,248.75,245.1401,242.9099,252.3599,254.5901,229.84999999999997,267.65000000000003,,,0.0,0.0,0.0,10,40
2019-08-16 10:45:00,250.25,250.6,250.1,250.6,60856,2019-08-16,2019,243.95,239.29999999999998,253.4,258.20000000000005,253.55,244.1,246.3,248.6,248.75,245.1401,242.9099,252.3599,254.5901,229.84999999999997,267.65000000000003,,,0.0,0.0,0.0,10,45
2019-08-16 10:50:00,250.6,251.0,250.55,250.7,108193,2019-08-16,2019,243.95,239.29999999999998,253.4,258.20000000000005,253.55,244.1,246.3,248.6,248.75,245.1401,242.9099,252.3599,254.5901,229.84999999999997,267.65000000000003,,,0.0,0.0,0.0,10,50
2019-08-16 10:55:00,250.7,250.75,250.4,250.5,70751,2019-08-16,2019,243.95,239.29999999999998,253.4,258.20000000000005,253.55,244.1,246.3,248.6,248.75,245.1401,242.9099,252.3599,254.5901,229.84999999999997,267.65000000000003,,,0.0,0.0,0.0,10,55
2019-08-16 11:00:00,250.5,251.2,250.45,250.8,109257,2019-08-16,2019,243.95,239.29999999999998,253.4,258.20000000000005,253.55,244.1,246.3,248.6,248.75,245.1401,242.9099,252.3599,254.5901,229.84999999999997,267.65000000000003,,,0.0,0.0,0.0,11,0
2019-08-16 11:05:00,250.85,251.0,250.7,250.9,90048,2019-08-16,2019,243.95,239.29999999999998,253.4,258.20000000000005,253.55,244.1,246.3,248.6,248.75,245.1401,242.9099,252.3599,254.5901,229.84999999999997,267.65000000000003,,,0.0,0.0,0.0,11,5
2019-08-16 11:10:00,250.95,251.25,250.85,251.0,154040,2019-08-16,2019,243.95,239.29999999999998,253.4,258.20000000000005,253.55,244.1,246.3,248.6,248.75,245.1401,242.9099,252.3599,254.5901,229.84999999999997,267.65000000000003,,,0.0,0.0,0.0,11,10
2019-08-16 11:15:00,251.0,251.25,250.65,250.9,639228,2019-08-16,2019,243.95,239.29999999999998,253.4,258.20000000000005,253.55,244.1,246.3,248.6,248.75,245.1401,242.9099,252.3599,254.5901,229.84999999999997,267.65000000000003,,,0.0,0.0,0.0,11,15
2019-08-16 11:20:00,250.9,251.0,250.55,250.9,116400,2019-08-16,2019,243.95,239.29999999999998,253.4,258.20000000000005,253.55,244.1,246.3,248.6,248.75,245.1401,242.9099,252.3599,254.5901,229.84999999999997,267.65000000000003,,,0.0,0.0,0.0,11,20
2019-08-16 11:25:00,250.95,251.35,250.85,251.1,103694,2019-08-16,2019,243.95,239.29999999999998,253.4,258.20000000000005,253.55,244.1,246.3,248.6,248.75,245.1401,242.9099,252.3599,254.5901,229.84999999999997,267.65000000000003,,,0.0,0.0,0.0,11,25
2019-08-16 11:30:00,251.1,251.3,250.65,250.9,93650,2019-08-16,2019,243.95,239.29999999999998,253.4,258.20000000000005,253.55,244.1,246.3,248.6,248.75,245.1401,242.9099,252.3599,254.5901,229.84999999999997,267.65000000000003,,,0.0,0.0,0.0,11,30
2019-08-16 11:35:00,250.85,250.9,250.65,250.7,62534,2019-08-16,2019,243.95,239.29999999999998,253.4,258.20000000000005,253.55,244.1,246.3,248.6,248.75,245.1401,242.9099,252.3599,254.5901,229.84999999999997,267.65000000000003,,,0.0,0.0,0.0,11,35
2019-08-16 11:40:00,250.7,250.95,250.65,250.8,124654,2019-08-16,2019,243.95,239.29999999999998,253.4,258.20000000000005,253.55,244.1,246.3,248.6,248.75,245.1401,242.9099,252.3599,254.5901,229.84999999999997,267.65000000000003,,,0.0,0.0,0.0,11,40
2019-08-16 11:45:00,250.8,250.9,250.55,250.9,59052,2019-08-16,2019,243.95,239.29999999999998,253.4,258.20000000000005,253.55,244.1,246.3,248.6,248.75,245.1401,242.9099,252.3599,254.5901,229.84999999999997,267.65000000000003,,,0.0,0.0,0.0,11,45
2019-08-16 11:50:00,250.8,251.1,250.7,251.0,82271,2019-08-16,2019,243.95,239.29999999999998,253.4,258.20000000000005,253.55,244.1,246.3,248.6,248.75,245.1401,242.9099,252.3599,254.5901,229.84999999999997,267.65000000000003,,,0.0,0.0,0.0,11,50
2019-08-16 11:55:00,251.0,251.05,250.75,250.85,78312,2019-08-16,2019,243.95,239.29999999999998,253.4,258.20000000000005,253.55,244.1,246.3,248.6,248.75,245.1401,242.9099,252.3599,254.5901,229.84999999999997,267.65000000000003,,,0.0,0.0,0.0,11,55
2019-08-16 12:00:00,250.85,251.35,250.8,251.25,76311,2019-08-16,2019,243.95,239.29999999999998,253.4,258.20000000000005,253.55,244.1,246.3,248.6,248.75,245.1401,242.9099,252.3599,254.5901,229.84999999999997,267.65000000000003,,,0.0,0.0,0.0,12,0
2019-08-16 12:05:00,251.3,251.8,251.2,251.6,177934,2019-08-16,2019,243.95,239.29999999999998,253.4,258.20000000000005,253.55,244.1,246.3,248.6,248.75,245.1401,242.9099,252.3599,254.5901,229.84999999999997,267.65000000000003,,,0.0,0.0,0.0,12,5
2019-08-16 12:10:00,251.6,251.9,251.45,251.8,158971,2019-08-16,2019,243.95,239.29999999999998,253.4,258.20000000000005,253.55,244.1,246.3,248.6,248.75,245.1401,242.9099,252.3599,254.5901,229.84999999999997,267.65000000000003,,,0.0,0.0,0.0,12,10
2019-08-16 12:15:00,251.8,252.45,251.7,252.3,232235,2019-08-16,2019,243.95,239.29999999999998,253.4,258.20000000000005,253.55,244.1,246.3,248.6,248.75,245.1401,242.9099,252.3599,254.5901,229.84999999999997,267.65000000000003,,,0.0,0.0,0.0,12,15
2019-08-16 12:20:00,252.25,252.85,252.15,252.25,249471,2019-08-16,2019,243.95,239.29999999999998,253.4,258.20000000000005,253.55,244.1,246.3,248.6,248.75,245.1401,242.9099,252.3599,254.5901,229.84999999999997,267.65000000000003,Exit,Sell,252.45364500000002,0.0,0.0,12,20
2019-08-16 12:25:00,252.35,252.6,251.85,251.85,203858,2019-08-16,2019,243.95,239.29999999999998,253.4,258.20000000000005,253.55,244.1,246.3,248.6,248.75,245.1401,242.9099,252.3599,254.5901,229.84999999999997,267.65000000000003,,,0.0,0.0,0.0,12,25
2019-08-16 12:30:00,251.85,252.25,251.85,252.05,92865,2019-08-16,2019,243.95,239.29999999999998,253.4,258.20000000000005,253.55,244.1,246.3,248.6,248.75,245.1401,242.9099,252.3599,254.5901,229.84999999999997,267.65000000000003,,,0.0,0.0,0.0,12,30
2019-08-16 12:35:00,252.05,252.25,251.5,251.5,81668,2019-08-16,2019,243.95,239.29999999999998,253.4,258.20000000000005,253.55,244.1,246.3,248.6,248.75,245.1401,242.9099,252.3599,254.5901,229.84999999999997,267.65000000000003,,,0.0,0.0,0.0,12,35
2019-08-16 12:40:00,251.5,252.0,251.05,251.85,138491,2019-08-16,2019,243.95,239.29999999999998,253.4,258.20000000000005,253.55,244.1,246.3,248.6,248.75,245.1401,242.9099,252.3599,254.5901,229.84999999999997,267.65000000000003,,,0.0,0.0,0.0,12,40
2019-08-16 12:45:00,251.9,252.2,251.8,252.1,72872,2019-08-16,2019,243.95,239.29999999999998,253.4,258.20000000000005,253.55,244.1,246.3,248.6,248.75,245.1401,242.9099,252.3599,254.5901,229.84999999999997,267.65000000000003,,,0.0,0.0,0.0,12,45
2019-08-16 12:50:00,252.1,252.15,251.95,252.05,60326,2019-08-16,2019,243.95,239.29999999999998,253.4,258.20000000000005,253.55,244.1,246.3,248.6,248.75,245.1401,242.9099,252.3599,254.5901,229.84999999999997,267.65000000000003,,,0.0,0.0,0.0,12,50
2019-08-16 12:55:00,252.05,252.45,252.0,252.45,66972,2019-08-16,2019,243.95,239.29999999999998,253.4,258.20000000000005,253.55,244.1,246.3,248.6,248.75,245.1401,242.9099,252.3599,254.5901,229.84999999999997,267.65000000000003,,,0.0,0.0,0.0,12,55
2019-08-16 13:00:00,252.45,252.45,251.95,252.2,73375,2019-08-16,2019,243.95,239.29999999999998,253.4,258.20000000000005,253.55,244.1,246.3,248.6,248.75,245.1401,242.9099,252.3599,254.5901,229.84999999999997,267.65000000000003,,,0.0,0.0,0.0,13,0
2019-08-16 13:05:00,252.15,252.25,252.0,252.1,67074,2019-08-16,2019,243.95,239.29999999999998,253.4,258.20000000000005,253.55,244.1,246.3,248.6,248.75,245.1401,242.9099,252.3599,254.5901,229.84999999999997,267.65000000000003,,,0.0,0.0,0.0,13,5
2019-08-16 13:10:00,252.05,252.4,251.95,252.3,87344,2019-08-16,2019,243.95,239.29999999999998,253.4,258.20000000000005,253.55,244.1,246.3,248.6,248.75,245.1401,242.9099,252.3599,254.5901,229.84999999999997,267.65000000000003,,,0.0,0.0,0.0,13,10
2019-08-16 13:15:00,252.3,252.95,252.2,252.85,149038,2019-08-16,2019,243.95,239.29999999999998,253.4,258.20000000000005,253.55,244.1,246.3,248.6,248.75,245.1401,242.9099,252.3599,254.5901,229.84999999999997,267.65000000000003,,,0.0,0.0,0.0,13,15
2019-08-16 13:20:00,252.8,252.95,252.65,252.7,86678,2019-08-16,2019,243.95,239.29999999999998,253.4,258.20000000000005,253.55,244.1,246.3,248.6,248.75,245.1401,242.9099,252.3599,254.5901,229.84999999999997,267.65000000000003,,,0.0,0.0,0.0,13,20
2019-08-16 13:25:00,252.7,253.0,252.15,252.7,176749,2019-08-16,2019,243.95,239.29999999999998,253.4,258.20000000000005,253.55,244.1,246.3,248.6,248.75,245.1401,242.9099,252.3599,254.5901,229.84999999999997,267.65000000000003,,,0.0,0.0,0.0,13,25
2019-08-16 13:30:00,252.65,252.75,252.2,252.45,73087,2019-08-16,2019,243.95,239.29999999999998,253.4,258.20000000000005,253.55,244.1,246.3,248.6,248.75,245.1401,242.9099,252.3599,254.5901,229.84999999999997,267.65000000000003,,,0.0,0.0,0.0,13,30
2019-08-16 13:35:00,252.45,252.75,252.4,252.7,69293,2019-08-16,2019,243.95,239.29999999999998,253.4,258.20000000000005,253.55,244.1,246.3,248.6,248.75,245.1401,242.9099,252.3599,254.5901,229.84999999999997,267.65000000000003,,,0.0,0.0,0.0,13,35
2019-08-16 13:40:00,252.75,253.0,252.55,252.85,91680,2019-08-16,2019,243.95,239.29999999999998,253.4,258.20000000000005,253.55,244.1,246.3,248.6,248.75,245.1401,242.9099,252.3599,254.5901,229.84999999999997,267.65000000000003,,,0.0,0.0,0.0,13,40
2019-08-16 13:45:00,252.85,252.95,252.5,252.55,114795,2019-08-16,2019,243.95,239.29999999999998,253.4,258.20000000000005,253.55,244.1,246.3,248.6,248.75,245.1401,242.9099,252.3599,254.5901,229.84999999999997,267.65000000000003,,,0.0,0.0,0.0,13,45
2019-08-16 13:50:00,252.55,252.8,252.3,252.6,91799,2019-08-16,2019,243.95,239.29999999999998,253.4,258.20000000000005,253.55,244.1,246.3,248.6,248.75,245.1401,242.9099,252.3599,254.5901,229.84999999999997,267.65000000000003,,,0.0,0.0,0.0,13,50
2019-08-16 13:55:00,252.55,252.8,252.55,252.75,66855,2019-08-16,2019,243.95,239.29999999999998,253.4,258.20000000000005,253.55,244.1,246.3,248.6,248.75,245.1401,242.9099,252.3599,254.5901,229.84999999999997,267.65000000000003,,,0.0,0.0,0.0,13,55
2019-08-16 14:00:00,252.7,253.0,252.65,253.0,130099,2019-08-16,2019,243.95,239.29999999999998,253.4,258.20000000000005,253.55,244.1,246.3,248.6,248.75,245.1401,242.9099,252.3599,254.5901,229.84999999999997,267.65000000000003,,,0.0,0.0,0.0,14,0
2019-08-16 14:05:00,253.0,253.2,252.9,253.15,152791,2019-08-16,2019,243.95,239.29999999999998,253.4,258.20000000000005,253.55,244.1,246.3,248.6,248.75,245.1401,242.9099,252.3599,254.5901,229.84999999999997,267.65000000000003,,,0.0,0.0,0.0,14,5
2019-08-16 14:10:00,253.2,253.25,252.65,252.7,79149,2019-08-16,2019,243.95,239.29999999999998,253.4,258.20000000000005,253.55,244.1,246.3,248.6,248.75,245.1401,242.9099,252.3599,254.5901,229.84999999999997,267.65000000000003,,,0.0,0.0,0.0,14,10
2019-08-16 14:15:00,252.7,252.7,252.45,252.55,66001,2019-08-16,2019,243.95,239.29999999999998,253.4,258.20000000000005,253.55,244.1,246.3,248.6,248.75,245.1401,242.9099,252.3599,254.5901,229.84999999999997,267.65000000000003,,,0.0,0.0,0.0,14,15
2019-08-16 14:20:00,252.6,253.0,252.4,252.95,95856,2019-08-16,2019,243.95,239.29999999999998,253.4,258.20000000000005,253.55,244.1,246.3,248.6,248.75,245.1401,242.9099,252.3599,254.5901,229.84999999999997,267.65000000000003,,,0.0,0.0,0.0,14,20
2019-08-16 14:25:00,252.9,253.15,252.85,252.9,124745,2019-08-16,2019,243.95,239.29999999999998,253.4,258.20000000000005,253.55,244.1,246.3,248.6,248.75,245.1401,242.9099,252.3599,254.5901,229.84999999999997,267.65000000000003,,,0.0,0.0,0.0,14,25
2019-08-16 14:30:00,252.9,253.05,252.65,252.95,74471,2019-08-16,2019,243.95,239.29999999999998,253.4,258.20000000000005,253.55,244.1,246.3,248.6,248.75,245.1401,242.9099,252.3599,254.5901,229.84999999999997,267.65000000000003,,,0.0,0.0,0.0,14,30
2019-08-16 14:35:00,252.95,253.1,252.75,253.0,76628,2019-08-16,2019,243.95,239.29999999999998,253.4,258.20000000000005,253.55,244.1,246.3,248.6,248.75,245.1401,242.9099,252.3599,254.5901,229.84999999999997,267.65000000000003,,,0.0,0.0,0.0,14,35
2019-08-16 14:40:00,253.0,253.0,252.8,252.95,70850,2019-08-16,2019,243.95,239.29999999999998,253.4,258.20000000000005,253.55,244.1,246.3,248.6,248.75,245.1401,242.9099,252.3599,254.5901,229.84999999999997,267.65000000000003,,,0.0,0.0,0.0,14,40
2019-08-16 14:45:00,253.0,253.0,252.7,252.85,92447,2019-08-16,2019,243.95,239.29999999999998,253.4,258.20000000000005,253.55,244.1,246.3,248.6,248.75,245.1401,242.9099,252.3599,254.5901,229.84999999999997,267.65000000000003,,,0.0,0.0,0.0,14,45
2019-08-16 14:50:00,252.9,252.9,252.4,252.7,97732,2019-08-16,2019,243.95,239.29999999999998,253.4,258.20000000000005,253.55,244.1,246.3,248.6,248.75,245.1401,242.9099,252.3599,254.5901,229.84999999999997,267.65000000000003,,,0.0,0.0,0.0,14,50
2019-08-16 14:55:00,252.65,252.9,252.4,252.8,126474,2019-08-16,2019,243.95,239.29999999999998,253.4,258.20000000000005,253.55,244.1,246.3,248.6,248.75,245.1401,242.9099,252.3599,254.5901,229.84999999999997,267.65000000000003,,,0.0,0.0,0.0,14,55
2019-08-16 15:00:00,252.75,253.2,252.65,252.9,288813,2019-08-16,2019,243.95,239.29999999999998,253.4,258.20000000000005,253.55,244.1,246.3,248.6,248.75,245.1401,242.9099,252.3599,254.5901,229.84999999999997,267.65000000000003,,,0.0,0.0,0.0,15,0
2019-08-16 15:05:00,252.9,253.05,252.6,252.8,269363,2019-08-16,2019,243.95,239.29999999999998,253.4,258.20000000000005,253.55,244.1,246.3,248.6,248.75,245.1401,242.9099,252.3599,254.5901,229.84999999999997,267.65000000000003,,,0.0,0.0,0.0,15,5
2019-08-16 15:10:00,252.8,253.35,252.8,253.35,302482,2019-08-16,2019,243.95,239.29999999999998,253.4,258.20000000000005,253.55,244.1,246.3,248.6,248.75,245.1401,242.9099,252.3599,254.5901,229.84999999999997,267.65000000000003,,,0.0,0.0,0.0,15,10
2019-08-16 15:15:00,253.3,253.35,252.85,252.95,266951,2019-08-16,2019,243.95,239.29999999999998,253.4,258.20000000000005,253.55,244.1,246.3,248.6,248.75,245.1401,242.9099,252.3599,254.5901,229.84999999999997,267.65000000000003,,,0.0,0.0,0.0,15,15
2019-08-16 15:20:00,252.95,253.0,252.75,252.8,281767,2019-08-16,2019,243.95,239.29999999999998,253.4,258.20000000000005,253.55,244.1,246.3,248.6,248.75,245.1401,242.9099,252.3599,254.5901,229.84999999999997,267.65000000000003,,,0.0,0.0,0.0,15,20
2019-08-16 15:25:00,252.75,252.8,252.55,252.65,196949,2019-08-16,2019,243.95,239.29999999999998,253.4,258.20000000000005,253.55,244.1,246.3,248.6,248.75,245.1401,242.9099,252.3599,254.5901,229.84999999999997,267.65000000000003,,,0.0,0.0,0.0,15,25
2019-08-19 09:15:00,253.5,253.75,252.8,253.35,436995,2019-08-19,2019,248.91666666666666,245.18333333333334,254.86666666666665,257.0833333333333,253.35,247.4,248.75,252.65,251.13333333333333,248.86043333333333,247.45623333333333,253.40623333333332,254.81043333333332,239.23333333333335,263.0333333333333,,,0.0,0.0,0.0,9,15
2019-08-19 09:20:00,253.5,253.75,253.0,253.6,321169,2019-08-19,2019,248.91666666666666,245.18333333333334,254.86666666666665,257.0833333333333,253.35,247.4,248.75,252.65,251.13333333333333,248.86043333333333,247.45623333333333,253.40623333333332,254.81043333333332,239.23333333333335,263.0333333333333,,,0.0,0.0,0.0,9,20
2019-08-19 09:25:00,253.6,253.6,252.85,252.9,168421,2019-08-19,2019,248.91666666666666,245.18333333333334,254.86666666666665,257.0833333333333,253.35,247.4,248.75,252.65,251.13333333333333,248.86043333333333,247.45623333333333,253.40623333333332,254.81043333333332,239.23333333333335,263.0333333333333,,,0.0,0.0,0.0,9,25
2019-08-19 09:30:00,252.9,253.25,252.65,253.05,223228,2019-08-19,2019,248.91666666666666,245.18333333333334,254.86666666666665,257.0833333333333,253.35,247.4,248.75,252.65,251.13333333333333,248.86043333333333,247.45623333333333,253.40623333333332,254.81043333333332,239.23333333333335,263.0333333333333,,,0.0,0.0,0.0,9,30
2019-08-19 09:35:00,253.1,253.25,252.75,253.1,209775,2019-08-19,2019,248.91666666666666,245.18333333333334,254.86666666666665,257.0833333333333,253.35,247.4,248.75,252.65,251.13333333333333,248.86043333333333,247.45623333333333,253.40623333333332,254.81043333333332,239.23333333333335,263.0333333333333,,,0.0,0.0,0.0,9,35
2019-08-19 09:40:00,253.1,253.8,252.9,253.7,150660,2019-08-19,2019,248.91666666666666,245.18333333333334,254.86666666666665,257.0833333333333,253.35,247.4,248.75,252.65,251.13333333333333,248.86043333333333,247.45623333333333,253.40623333333332,254.81043333333332,239.23333333333335,263.0333333333333,,,0.0,0.0,0.0,9,40
2019-08-19 09:45:00,253.7,255.3,253.45,255.2,618624,2019-08-19,2019,248.91666666666666,245.18333333333334,254.86666666666665,257.0833333333333,253.35,247.4,248.75,252.65,251.13333333333333,248.86043333333333,247.45623333333333,253.40623333333332,254.81043333333332,239.23333333333335,263.0333333333333,Entry,Buy,255.2,257.0833333333333,252.65,9,45
2019-08-19 09:50:00,255.15,255.75,254.9,255.2,387888,2019-08-19,2019,248.91666666666666,245.18333333333334,254.86666666666665,257.0833333333333,253.35,247.4,248.75,252.65,251.13333333333333,248.86043333333333,247.45623333333333,253.40623333333332,254.81043333333332,239.23333333333335,263.0333333333333,,,0.0,0.0,0.0,9,50
2019-08-19 09:55:00,255.2,255.45,255.1,255.2,134211,2019-08-19,2019,248.91666666666666,245.18333333333334,254.86666666666665,257.0833333333333,253.35,247.4,248.75,252.65,251.13333333333333,248.86043333333333,247.45623333333333,253.40623333333332,254.81043333333332,239.23333333333335,263.0333333333333,,,0.0,0.0,0.0,9,55
2019-08-19 10:00:00,255.2,255.4,255.1,255.3,142565,2019-08-19,2019,248.91666666666666,245.18333333333334,254.86666666666665,257.0833333333333,253.35,247.4,248.75,252.65,251.13333333333333,248.86043333333333,247.45623333333333,253.40623333333332,254.81043333333332,239.23333333333335,263.0333333333333,,,0.0,0.0,0.0,10,0
2019-08-19 10:05:00,255.3,255.35,255.0,255.3,111772,2019-08-19,2019,248.91666666666666,245.18333333333334,254.86666666666665,257.0833333333333,253.35,247.4,248.75,252.65,251.13333333333333,248.86043333333333,247.45623333333333,253.40623333333332,254.81043333333332,239.23333333333335,263.0333333333333,,,0.0,0.0,0.0,10,5
2019-08-19 10:10:00,255.25,255.4,254.8,255.15,146888,2019-08-19,2019,248.91666666666666,245.18333333333334,254.86666666666665,257.0833333333333,253.35,247.4,248.75,252.65,251.13333333333333,248.86043333333333,247.45623333333333,253.40623333333332,254.81043333333332,239.23333333333335,263.0333333333333,,,0.0,0.0,0.0,10,10
2019-08-19 10:15:00,255.1,255.1,254.8,255.05,87898,2019-08-19,2019,248.91666666666666,245.18333333333334,254.86666666666665,257.0833333333333,253.35,247.4,248.75,252.65,251.13333333333333,248.86043333333333,247.45623333333333,253.40623333333332,254.81043333333332,239.23333333333335,263.0333333333333,,,0.0,0.0,0.0,10,15
2019-08-19 10:20:00,255.0,255.65,254.9,255.6,101261,2019-08-19,2019,248.91666666666666,245.18333333333334,254.86666666666665,257.0833333333333,253.35,247.4,248.75,252.65,251.13333333333333,248.86043333333333,247.45623333333333,253.40623333333332,254.81043333333332,239.23333333333335,263.0333333333333,,,0.0,0.0,0.0,10,20
2019-08-19 10:25:00,255.6,255.85,255.35,255.65,72142,2019-08-19,2019,248.91666666666666,245.18333333333334,254.86666666666665,257.0833333333333,253.35,247.4,248.75,252.65,251.13333333333333,248.86043333333333,247.45623333333333,253.40623333333332,254.81043333333332,239.23333333333335,263.0333333333333,,,0.0,0.0,0.0,10,25
2019-08-19 10:30:00,255.7,256.3,255.6,256.2,285374,2019-08-19,2019,248.91666666666666,245.18333333333334,254.86666666666665,257.0833333333333,253.35,247.4,248.75,252.65,251.13333333333333,248.86043333333333,247.45623333333333,253.40623333333332,254.81043333333332,239.23333333333335,263.0333333333333,,,0.0,0.0,0.0,10,30
2019-08-19 10:35:00,256.2,257.0,256.0,256.85,237517,2019-08-19,2019,248.91666666666666,245.18333333333334,254.86666666666665,257.0833333333333,253.35,247.4,248.75,252.65,251.13333333333333,248.86043333333333,247.45623333333333,253.40623333333332,254.81043333333332,239.23333333333335,263.0333333333333,,,0.0,0.0,0.0,10,35
2019-08-19 10:40:00,256.75,257.0,256.5,256.55,251077,2019-08-19,2019,248.91666666666666,245.18333333333334,254.86666666666665,257.0833333333333,253.35,247.4,248.75,252.65,251.13333333333333,248.86043333333333,247.45623333333333,253.40623333333332,254.81043333333332,239.23333333333335,263.0333333333333,,,0.0,0.0,0.0,10,40
2019-08-19 10:45:00,256.65,256.8,255.95,255.95,141524,2019-08-19,2019,248.91666666666666,245.18333333333334,254.86666666666665,257.0833333333333,253.35,247.4,248.75,252.65,251.13333333333333,248.86043333333333,247.45623333333333,253.40623333333332,254.81043333333332,239.23333333333335,263.0333333333333,Exit,Sell,256.476,253.93223333333333,257.0,10,45
2019-08-19 10:50:00,256.05,256.6,255.95,256.45,123890,2019-08-19,2019,248.91666666666666,245.18333333333334,254.86666666666665,257.0833333333333,253.35,247.4,248.75,252.65,251.13333333333333,248.86043333333333,247.45623333333333,253.40623333333332,254.81043333333332,239.23333333333335,263.0333333333333,,,0.0,0.0,0.0,10,50
2019-08-19 10:55:00,256.5,256.6,256.1,256.4,109139,2019-08-19,2019,248.91666666666666,245.18333333333334,254.86666666666665,257.0833333333333,253.35,247.4,248.75,252.65,251.13333333333333,248.86043333333333,247.45623333333333,253.40623333333332,254.81043333333332,239.23333333333335,263.0333333333333,,,0.0,0.0,0.0,10,55
2019-08-19 11:00:00,256.4,256.55,256.1,256.4,109341,2019-08-19,2019,248.91666666666666,245.18333333333334,254.86666666666665,257.0833333333333,253.35,247.4,248.75,252.65,251.13333333333333,248.86043333333333,247.45623333333333,253.40623333333332,254.81043333333332,239.23333333333335,263.0333333333333,,,0.0,0.0,0.0,11,0
2019-08-19 11:05:00,256.45,256.5,256.0,256.5,106206,2019-08-19,2019,248.91666666666666,245.18333333333334,254.86666666666665,257.0833333333333,253.35,247.4,248.75,252.65,251.13333333333333,248.86043333333333,247.45623333333333,253.40623333333332,254.81043333333332,239.23333333333335,263.0333333333333,,,0.0,0.0,0.0,11,5
2019-08-19 11:10:00,256.45,256.45,255.5,255.5,126254,2019-08-19,2019,248.91666666666666,245.18333333333334,254.86666666666665,257.0833333333333,253.35,247.4,248.75,252.65,251.13333333333333,248.86043333333333,247.45623333333333,253.40623333333332,254.81043333333332,239.23333333333335,263.0333333333333,,,0.0,0.0,0.0,11,10
2019-08-19 11:15:00,255.5,255.9,255.4,255.85,130020,2019-08-19,2019,248.91666666666666,245.18333333333334,254.86666666666665,257.0833333333333,253.35,247.4,248.75,252.65,251.13333333333333,248.86043333333333,247.45623333333333,253.40623333333332,254.81043333333332,239.23333333333335,263.0333333333333,,,0.0,0.0,0.0,11,15
2019-08-19 11:20:00,255.85,255.95,255.55,255.85,76506,2019-08-19,2019,248.91666666666666,245.18333333333334,254.86666666666665,257.0833333333333,253.35,247.4,248.75,252.65,251.13333333333333,248.86043333333333,247.45623333333333,253.40623333333332,254.81043333333332,239.23333333333335,263.0333333333333,,,0.0,0.0,0.0,11,20
2019-08-19 11:25:00,255.85,256.0,255.5,255.6,75418,2019-08-19,2019,248.91666666666666,245.18333333333334,254.86666666666665,257.0833333333333,253.35,247.4,248.75,252.65,251.13333333333333,248.86043333333333,247.45623333333333,253.40623333333332,254.81043333333332,239.23333333333335,263.0333333333333,,,0.0,0.0,0.0,11,25
2019-08-19 11:30:00,255.55,255.7,255.2,255.4,91599,2019-08-19,2019,248.91666666666666,245.18333333333334,254.86666666666665,257.0833333333333,253.35,247.4,248.75,252.65,251.13333333333333,248.86043333333333,247.45623333333333,253.40623333333332,254.81043333333332,239.23333333333335,263.0333333333333,,,0.0,0.0,0.0,11,30
2019-08-19 11:35:00,255.45,255.6,255.35,255.4,70329,2019-08-19,2019,248.91666666666666,245.18333333333334,254.86666666666665,257.0833333333333,253.35,247.4,248.75,252.65,251.13333333333333,248.86043333333333,247.45623333333333,253.40623333333332,254.81043333333332,239.23333333333335,263.0333333333333,,,0.0,0.0,0.0,11,35
2019-08-19 11:40:00,255.4,255.65,255.35,255.5,85004,2019-08-19,2019,248.91666666666666,245.18333333333334,254.86666666666665,257.0833333333333,253.35,247.4,248.75,252.65,251.13333333333333,248.86043333333333,247.45623333333333,253.40623333333332,254.81043333333332,239.23333333333335,263.0333333333333,,,0.0,0.0,0.0,11,40
2019-08-19 11:45:00,255.5,255.6,255.25,255.4,113335,2019-08-19,2019,248.91666666666666,245.18333333333334,254.86666666666665,257.0833333333333,253.35,247.4,248.75,252.65,251.13333333333333,248.86043333333333,247.45623333333333,253.40623333333332,254.81043333333332,239.23333333333335,263.0333333333333,,,0.0,0.0,0.0,11,45
2019-08-19 11:50:00,255.45,255.6,255.1,255.5,96599,2019-08-19,2019,248.91666666666666,245.18333333333334,254.86666666666665,257.0833333333333,253.35,247.4,248.75,252.65,251.13333333333333,248.86043333333333,247.45623333333333,253.40623333333332,254.81043333333332,239.23333333333335,263.0333333333333,,,0.0,0.0,0.0,11,50
2019-08-19 11:55:00,255.5,255.65,255.3,255.5,69476,2019-08-19,2019,248.91666666666666,245.18333333333334,254.86666666666665,257.0833333333333,253.35,247.4,248.75,252.65,251.13333333333333,248.86043333333333,247.45623333333333,253.40623333333332,254.81043333333332,239.23333333333335,263.0333333333333,Exit,Buy,255.19362,256.7769533333333,252.65,11,55
2019-08-19 12:00:00,255.5,255.75,255.35,255.65,67683,2019-08-19,2019,248.91666666666666,245.18333333333334,254.86666666666665,257.0833333333333,253.35,247.4,248.75,252.65,251.13333333333333,248.86043333333333,247.45623333333333,253.40623333333332,254.81043333333332,239.23333333333335,263.0333333333333,,,0.0,0.0,0.0,12,0
2019-08-19 12:05:00,255.65,256.3,255.55,256.25,149009,2019-08-19,2019,248.91666666666666,245.18333333333334,254.86666666666665,257.0833333333333,253.35,247.4,248.75,252.65,251.13333333333333,248.86043333333333,247.45623333333333,253.40623333333332,254.81043333333332,239.23333333333335,263.0333333333333,,,0.0,0.0,0.0,12,5
2019-08-19 12:10:00,256.3,256.7,256.2,256.5,210480,2019-08-19,2019,248.91666666666666,245.18333333333334,254.86666666666665,257.0833333333333,253.35,247.4,248.75,252.65,251.13333333333333,248.86043333333333,247.45623333333333,253.40623333333332,254.81043333333332,239.23333333333335,263.0333333333333,,,0.0,0.0,0.0,12,10
2019-08-19 12:15:00,256.45,256.6,256.25,256.55,145849,2019-08-19,2019,248.91666666666666,245.18333333333334,254.86666666666665,257.0833333333333,253.35,247.4,248.75,252.65,251.13333333333333,248.86043333333333,247.45623333333333,253.40623333333332,254.81043333333332,239.23333333333335,263.0333333333333,Exit,Sell,256.4695881,254.78625476666664,257.0,12,15
2019-08-19 12:20:00,256.5,256.6,256.25,256.5,109924,2019-08-19,2019,248.91666666666666,245.18333333333334,254.86666666666665,257.0833333333333,253.35,247.4,248.75,252.65,251.13333333333333,248.86043333333333,247.45623333333333,253.40623333333332,254.81043333333332,239.23333333333335,263.0333333333333,,,0.0,0.0,0.0,12,20
2019-08-19 12:25:00,256.45,256.5,256.1,256.15,79197,2019-08-19,2019,248.91666666666666,245.18333333333334,254.86666666666665,257.0833333333333,253.35,247.4,248.75,252.65,251.13333333333333,248.86043333333333,247.45623333333333,253.40623333333332,254.81043333333332,239.23333333333335,263.0333333333333,,,0.0,0.0,0.0,12,25
2019-08-19 12:30:00,256.15,256.3,256.15,256.25,118202,2019-08-19,2019,248.91666666666666,245.18333333333334,254.86666666666665,257.0833333333333,253.35,247.4,248.75,252.65,251.13333333333333,248.86043333333333,247.45623333333333,253.40623333333332,254.81043333333332,239.23333333333335,263.0333333333333,,,0.0,0.0,0.0,12,30
2019-08-19 12:35:00,256.25,256.5,256.15,256.4,86027,2019-08-19,2019,248.91666666666666,245.18333333333334,254.86666666666665,257.0833333333333,253.35,247.4,248.75,252.65,251.13333333333333,248.86043333333333,247.45623333333333,253.40623333333332,254.81043333333332,239.23333333333335,263.0333333333333,,,0.0,0.0,0.0,12,35
2019-08-19 12:40:00,256.4,256.7,256.25,256.55,131736,2019-08-19,2019,248.91666666666666,245.18333333333334,254.86666666666665,257.0833333333333,253.35,247.4,248.75,252.65,251.13333333333333,248.86043333333333,247.45623333333333,253.40623333333332,254.81043333333332,239.23333333333335,263.0333333333333,,,0.0,0.0,0.0,12,40
2019-08-19 12:45:00,256.55,256.65,256.4,256.6,94890,2019-08-19,2019,248.91666666666666,245.18333333333334,254.86666666666665,257.0833333333333,253.35,247.4,248.75,252.65,251.13333333333333,248.86043333333333,247.45623333333333,253.40623333333332,254.81043333333332,239.23333333333335,263.0333333333333,,,0.0,0.0,0.0,12,45
2019-08-19 12:50:00,256.6,256.9,256.5,256.8,155717,2019-08-19,2019,248.91666666666666,245.18333333333334,254.86666666666665,257.0833333333333,253.35,247.4,248.75,252.65,251.13333333333333,248.86043333333333,247.45623333333333,253.40623333333332,254.81043333333332,239.23333333333335,263.0333333333333,,,0.0,0.0,0.0,12,50
2019-08-19 12:55:00,256.8,256.9,256.65,256.85,144410,2019-08-19,2019,248.91666666666666,245.18333333333334,254.86666666666665,257.0833333333333,253.35,247.4,248.75,252.65,251.13333333333333,248.86043333333333,247.45623333333333,253.40623333333332,254.81043333333332,239.23333333333335,263.0333333333333,,,0.0,0.0,0.0,12,55
2019-08-19 13:00:00,256.85,257.3,256.6,256.9,279792,2019-08-19,2019,248.91666666666666,245.18333333333334,254.86666666666665,257.0833333333333,253.35,247.4,248.75,252.65,251.13333333333333,248.86043333333333,247.45623333333333,253.40623333333332,254.81043333333332,239.23333333333335,263.0333333333333,Exit,Buy,257.0,263.1333333333333,252.65,13,0
2019-08-19 13:05:00,256.9,256.95,256.55,256.65,99718,2019-08-19,2019,248.91666666666666,245.18333333333334,254.86666666666665,257.0833333333333,253.35,247.4,248.75,252.65,251.13333333333333,248.86043333333333,247.45623333333333,253.40623333333332,254.81043333333332,239.23333333333335,263.0333333333333,,,0.0,0.0,0.0,13,5
2019-08-19 13:10:00,256.65,256.65,255.75,256.05,107267,2019-08-19,2019,248.91666666666666,245.18333333333334,254.86666666666665,257.0833333333333,253.35,247.4,248.75,252.65,251.13333333333333,248.86043333333333,247.45623333333333,253.40623333333332,254.81043333333332,239.23333333333335,263.0333333333333,,,0.0,0.0,0.0,13,10
2019-08-19 13:15:00,256.05,256.05,255.8,255.9,89933,2019-08-19,2019,248.91666666666666,245.18333333333334,254.86666666666665,257.0833333333333,253.35,247.4,248.75,252.65,251.13333333333333,248.86043333333333,247.45623333333333,253.40623333333332,254.81043333333332,239.23333333333335,263.0333333333333,,,0.0,0.0,0.0,13,15
2019-08-19 13:20:00,255.9,255.9,255.55,255.8,87932,2019-08-19,2019,248.91666666666666,245.18333333333334,254.86666666666665,257.0833333333333,253.35,247.4,248.75,252.65,251.13333333333333,248.86043333333333,247.45623333333333,253.40623333333332,254.81043333333332,239.23333333333335,263.0333333333333,,,0.0,0.0,0.0,13,20
2019-08-19 13:25:00,255.8,255.8,255.45,255.45,90319,2019-08-19,2019,248.91666666666666,245.18333333333334,254.86666666666665,257.0833333333333,253.35,247.4,248.75,252.65,251.13333333333333,248.86043333333333,247.45623333333333,253.40623333333332,254.81043333333332,239.23333333333335,263.0333333333333,,,0.0,0.0,0.0,13,25
2019-08-19 13:30:00,255.55,255.6,254.8,255.0,147584,2019-08-19,2019,248.91666666666666,245.18333333333334,254.86666666666665,257.0833333333333,253.35,247.4,248.75,252.65,251.13333333333333,248.86043333333333,247.45623333333333,253.40623333333332,254.81043333333332,239.23333333333335,263.0333333333333,,,0.0,0.0,0.0,13,30
2019-08-19 13:35:00,255.0,255.1,254.1,255.0,175022,2019-08-19,2019,248.91666666666666,245.18333333333334,254.86666666666665,257.0833333333333,253.35,247.4,248.75,252.65,251.13333333333333,248.86043333333333,247.45623333333333,253.40623333333332,254.81043333333332,239.23333333333335,263.0333333333333,,,0.0,0.0,0.0,13,35
2019-08-19 13:40:00,255.05,255.05,254.65,254.95,77412,2019-08-19,2019,248.91666666666666,245.18333333333334,254.86666666666665,257.0833333333333,253.35,247.4,248.75,252.65,251.13333333333333,248.86043333333333,247.45623333333333,253.40623333333332,254.81043333333332,239.23333333333335,263.0333333333333,,,0.0,0.0,0.0,13,40
2019-08-19 13:45:00,255.0,255.0,254.35,254.5,73460,2019-08-19,2019,248.91666666666666,245.18333333333334,254.86666666666665,257.0833333333333,253.35,247.4,248.75,252.65,251.13333333333333,248.86043333333333,247.45623333333333,253.40623333333332,254.81043333333332,239.23333333333335,263.0333333333333,,,0.0,0.0,0.0,13,45
2019-08-19 13:50:00,254.5,254.8,254.4,254.6,92507,2019-08-19,2019,248.91666666666666,245.18333333333334,254.86666666666665,257.0833333333333,253.35,247.4,248.75,252.65,251.13333333333333,248.86043333333333,247.45623333333333,253.40623333333332,254.81043333333332,239.23333333333335,263.0333333333333,,,0.0,0.0,0.0,13,50
2019-08-19 13:55:00,254.6,254.7,254.15,254.5,115815,2019-08-19,2019,248.91666666666666,245.18333333333334,254.86666666666665,257.0833333333333,253.35,247.4,248.75,252.65,251.13333333333333,248.86043333333333,247.45623333333333,253.40623333333332,254.81043333333332,239.23333333333335,263.0333333333333,,,0.0,0.0,0.0,13,55
2019-08-19 14:00:00,254.5,254.6,254.3,254.45,65205,2019-08-19,2019,248.91666666666666,245.18333333333334,254.86666666666665,257.0833333333333,253.35,247.4,248.75,252.65,251.13333333333333,248.86043333333333,247.45623333333333,253.40623333333332,254.81043333333332,239.23333333333335,263.0333333333333,,,0.0,0.0,0.0,14,0
2019-08-19 14:05:00,254.45,254.55,254.3,254.4,66878,2019-08-19,2019,248.91666666666666,245.18333333333334,254.86666666666665,257.0833333333333,253.35,247.4,248.75,252.65,251.13333333333333,248.86043333333333,247.45623333333333,253.40623333333332,254.81043333333332,239.23333333333335,263.0333333333333,,,0.0,0.0,0.0,14,5
2019-08-19 14:10:00,254.4,254.5,253.85,253.9,120342,2019-08-19,2019,248.91666666666666,245.18333333333334,254.86666666666665,257.0833333333333,253.35,247.4,248.75,252.65,251.13333333333333,248.86043333333333,247.45623333333333,253.40623333333332,254.81043333333332,239.23333333333335,263.0333333333333,,,0.0,0.0,0.0,14,10
2019-08-19 14:15:00,253.9,254.15,253.75,254.0,103871,2019-08-19,2019,248.91666666666666,245.18333333333334,254.86666666666665,257.0833333333333,253.35,247.4,248.75,252.65,251.13333333333333,248.86043333333333,247.45623333333333,253.40623333333332,254.81043333333332,239.23333333333335,263.0333333333333,,,0.0,0.0,0.0,14,15
2019-08-19 14:20:00,254.0,254.1,253.25,253.45,104285,2019-08-19,2019,248.91666666666666,245.18333333333334,254.86666666666665,257.0833333333333,253.35,247.4,248.75,252.65,251.13333333333333,248.86043333333333,247.45623333333333,253.40623333333332,254.81043333333332,239.23333333333335,263.0333333333333,,,0.0,0.0,0.0,14,20
2019-08-19 14:25:00,253.45,253.75,252.8,252.85,167506,2019-08-19,2019,248.91666666666666,245.18333333333334,254.86666666666665,257.0833333333333,253.35,247.4,248.75,252.65,251.13333333333333,248.86043333333333,247.45623333333333,253.40623333333332,254.81043333333332,239.23333333333335,263.0333333333333,,,0.0,0.0,0.0,14,25
2019-08-19 14:30:00,252.85,253.4,252.4,252.8,280179,2019-08-19,2019,248.91666666666666,245.18333333333334,254.86666666666665,257.0833333333333,253.35,247.4,248.75,252.65,251.13333333333333,248.86043333333333,247.45623333333333,253.40623333333332,254.81043333333332,239.23333333333335,263.0333333333333,Exit,Sell,252.65,250.98333333333332,257.3,14,30
2019-08-19 14:35:00,252.7,253.0,252.25,252.4,223663,2019-08-19,2019,248.91666666666666,245.18333333333334,254.86666666666665,257.0833333333333,253.35,247.4,248.75,252.65,251.13333333333333,248.86043333333333,247.45623333333333,253.40623333333332,254.81043333333332,239.23333333333335,263.0333333333333,,,0.0,0.0,0.0,14,35
2019-08-19 14:40:00,252.45,252.7,252.0,252.7,203704,2019-08-19,2019,248.91666666666666,245.18333333333334,254.86666666666665,257.0833333333333,253.35,247.4,248.75,252.65,251.13333333333333,248.86043333333333,247.45623333333333,253.40623333333332,254.81043333333332,239.23333333333335,263.0333333333333,,,0.0,0.0,0.0,14,40
2019-08-19 14:45:00,252.7,252.9,252.5,252.55,156294,2019-08-19,2019,248.91666666666666,245.18333333333334,254.86666666666665,257.0833333333333,253.35,247.4,248.75,252.65,251.13333333333333,248.86043333333333,247.45623333333333,253.40623333333332,254.81043333333332,239.23333333333335,263.0333333333333,,,0.0,0.0,0.0,14,45
2019-08-19 14:50:00,252.55,252.6,251.7,252.4,204543,2019-08-19,2019,248.91666666666666,245.18333333333334,254.86666666666665,257.0833333333333,253.35,247.4,248.75,252.65,251.13333333333333,248.86043333333333,247.45623333333333,253.40623333333332,254.81043333333332,239.23333333333335,263.0333333333333,,,0.0,0.0,0.0,14,50
2019-08-19 14:55:00,252.35,252.75,252.05,252.3,121890,2019-08-19,2019,248.91666666666666,245.18333333333334,254.86666666666665,257.0833333333333,253.35,247.4,248.75,252.65,251.13333333333333,248.86043333333333,247.45623333333333,253.40623333333332,254.81043333333332,239.23333333333335,263.0333333333333,,,0.0,0.0,0.0,14,55
2019-08-19 15:00:00,252.3,252.5,251.7,252.0,287822,2019-08-19,2019,248.91666666666666,245.18333333333334,254.86666666666665,257.0833333333333,253.35,247.4,248.75,252.65,251.13333333333333,248.86043333333333,247.45623333333333,253.40623333333332,254.81043333333332,239.23333333333335,263.0333333333333,,,0.0,0.0,0.0,15,0
2019-08-19 15:05:00,251.9,252.1,251.6,251.85,341928,2019-08-19,2019,248.91666666666666,245.18333333333334,254.86666666666665,257.0833333333333,253.35,247.4,248.75,252.65,251.13333333333333,248.86043333333333,247.45623333333333,253.40623333333332,254.81043333333332,239.23333333333335,263.0333333333333,,,0.0,0.0,0.0,15,5
2019-08-19 15:10:00,251.85,251.95,251.5,251.75,317511,2019-08-19,2019,248.91666666666666,245.18333333333334,254.86666666666665,257.0833333333333,253.35,247.4,248.75,252.65,251.13333333333333,248.86043333333333,247.45623333333333,253.40623333333332,254.81043333333332,239.23333333333335,263.0333333333333,,,0.0,0.0,0.0,15,10
2019-08-19 15:15:00,251.75,251.95,251.2,251.3,356430,2019-08-19,2019,248.91666666666666,245.18333333333334,254.86666666666665,257.0833333333333,253.35,247.4,248.75,252.65,251.13333333333333,248.86043333333333,247.45623333333333,253.40623333333332,254.81043333333332,239.23333333333335,263.0333333333333,,,0.0,0.0,0.0,15,15
2019-08-19 15:20:00,251.25,251.65,251.05,251.25,425153,2019-08-19,2019,248.91666666666666,245.18333333333334,254.86666666666665,257.0833333333333,253.35,247.4,248.75,252.65,251.13333333333333,248.86043333333333,247.45623333333333,253.40623333333332,254.81043333333332,239.23333333333335,263.0333333333333,Exit,Buy,251.25,0.0,0.0,15,20
2019-08-19 15:25:00,251.25,251.9,250.95,251.6,384107,2019-08-19,2019,248.91666666666666,245.18333333333334,254.86666666666665,257.0833333333333,253.35,247.4,248.75,252.65,251.13333333333333,248.86043333333333,247.45623333333333,253.40623333333332,254.81043333333332,239.23333333333335,263.0333333333333,,,0.0,0.0,0.0,15,25
2019-08-20 09:15:00,251.6,251.9,250.05,250.75,477550,2019-08-20,2019,249.26666666666665,246.9333333333333,255.61666666666667,259.6333333333333,257.3,250.95,253.5,251.6,253.28333333333333,250.85763333333333,249.35903333333331,255.70903333333334,257.2076333333333,240.5833333333333,265.98333333333335,,,0.0,0.0,0.0,9,15
2019-08-20 09:20:00,250.65,250.75,249.2,249.3,532290,2019-08-20,2019,249.26666666666665,246.9333333333333,255.61666666666667,259.6333333333333,257.3,250.95,253.5,251.6,253.28333333333333,250.85763333333333,249.35903333333331,255.70903333333334,257.2076333333333,240.5833333333333,265.98333333333335,,,0.0,0.0,0.0,9,20
2019-08-20 09:25:00,249.35,250.1,249.05,249.9,274655,2019-08-20,2019,249.26666666666665,246.9333333333333,255.61666666666667,259.6333333333333,257.3,250.95,253.5,251.6,253.28333333333333,250.85763333333333,249.35903333333331,255.70903333333334,257.2076333333333,240.5833333333333,265.98333333333335,,,0.0,0.0,0.0,9,25
2019-08-20 09:30:00,249.9,250.05,249.4,250.0,257536,2019-08-20,2019,249.26666666666665,246.9333333333333,255.61666666666667,259.6333333333333,257.3,250.95,253.5,251.6,253.28333333333333,250.85763333333333,249.35903333333331,255.70903333333334,257.2076333333333,240.5833333333333,265.98333333333335,,,0.0,0.0,0.0,9,30
2019-08-20 09:35:00,249.95,250.0,249.4,249.5,163705,2019-08-20,2019,249.26666666666665,246.9333333333333,255.61666666666667,259.6333333333333,257.3,250.95,253.5,251.6,253.28333333333333,250.85763333333333,249.35903333333331,255.70903333333334,257.2076333333333,240.5833333333333,265.98333333333335,,,0.0,0.0,0.0,9,35
2019-08-20 09:40:00,249.5,249.8,249.4,249.5,64695,2019-08-20,2019,249.26666666666665,246.9333333333333,255.61666666666667,259.6333333333333,257.3,250.95,253.5,251.6,253.28333333333333,250.85763333333333,249.35903333333331,255.70903333333334,257.2076333333333,240.5833333333333,265.98333333333335,,,0.0,0.0,0.0,9,40
2019-08-20 09:45:00,249.5,249.7,248.65,248.8,250648,2019-08-20,2019,249.26666666666665,246.9333333333333,255.61666666666667,259.6333333333333,257.3,250.95,253.5,251.6,253.28333333333333,250.85763333333333,249.35903333333331,255.70903333333334,257.2076333333333,240.5833333333333,265.98333333333335,,,0.0,0.0,0.0,9,45
2019-08-20 09:50:00,248.9,248.9,248.4,248.45,175921,2019-08-20,2019,249.26666666666665,246.9333333333333,255.61666666666667,259.6333333333333,257.3,250.95,253.5,251.6,253.28333333333333,250.85763333333333,249.35903333333331,255.70903333333334,257.2076333333333,240.5833333333333,265.98333333333335,,,0.0,0.0,0.0,9,50
2019-08-20 09:55:00,248.45,248.45,247.8,247.85,245157,2019-08-20,2019,249.26666666666665,246.9333333333333,255.61666666666667,259.6333333333333,257.3,250.95,253.5,251.6,253.28333333333333,250.85763333333333,249.35903333333331,255.70903333333334,257.2076333333333,240.5833333333333,265.98333333333335,,,0.0,0.0,0.0,9,55
2019-08-20 10:00:00,247.85,247.85,246.6,246.8,368931,2019-08-20,2019,249.26666666666665,246.9333333333333,255.61666666666667,259.6333333333333,257.3,250.95,253.5,251.6,253.28333333333333,250.85763333333333,249.35903333333331,255.70903333333334,257.2076333333333,240.5833333333333,265.98333333333335,,,0.0,0.0,0.0,10,0
2019-08-20 10:05:00,246.8,247.35,246.7,247.0,263984,2019-08-20,2019,249.26666666666665,246.9333333333333,255.61666666666667,259.6333333333333,257.3,250.95,253.5,251.6,253.28333333333333,250.85763333333333,249.35903333333331,255.70903333333334,257.2076333333333,240.5833333333333,265.98333333333335,,,0.0,0.0,0.0,10,5
2019-08-20 10:10:00,247.05,247.35,246.9,247.1,155919,2019-08-20,2019,249.26666666666665,246.9333333333333,255.61666666666667,259.6333333333333,257.3,250.95,253.5,251.6,253.28333333333333,250.85763333333333,249.35903333333331,255.70903333333334,257.2076333333333,240.5833333333333,265.98333333333335,,,0.0,0.0,0.0,10,10
2019-08-20 10:15:00,247.15,247.35,246.55,247.25,232909,2019-08-20,2019,249.26666666666665,246.9333333333333,255.61666666666667,259.6333333333333,257.3,250.95,253.5,251.6,253.28333333333333,250.85763333333333,249.35903333333331,255.70903333333334,257.2076333333333,240.5833333333333,265.98333333333335,,,0.0,0.0,0.0,10,15
2019-08-20 10:20:00,247.25,247.55,247.05,247.45,91033,2019-08-20,2019,249.26666666666665,246.9333333333333,255.61666666666667,259.6333333333333,257.3,250.95,253.5,251.6,253.28333333333333,250.85763333333333,249.35903333333331,255.70903333333334,257.2076333333333,240.5833333333333,265.98333333333335,,,0.0,0.0,0.0,10,20
2019-08-20 10:25:00,247.55,248.0,247.45,247.65,152279,2019-08-20,2019,249.26666666666665,246.9333333333333,255.61666666666667,259.6333333333333,257.3,250.95,253.5,251.6,253.28333333333333,250.85763333333333,249.35903333333331,255.70903333333334,257.2076333333333,240.5833333333333,265.98333333333335,,,0.0,0.0,0.0,10,25
2019-08-20 10:30:00,247.7,247.75,247.0,247.1,132387,2019-08-20,2019,249.26666666666665,246.9333333333333,255.61666666666667,259.6333333333333,257.3,250.95,253.5,251.6,253.28333333333333,250.85763333333333,249.35903333333331,255.70903333333334,257.2076333333333,240.5833333333333,265.98333333333335,,,0.0,0.0,0.0,10,30
2019-08-20 10:35:00,247.1,247.15,245.45,245.7,456731,2019-08-20,2019,249.26666666666665,246.9333333333333,255.61666666666667,259.6333333333333,257.3,250.95,253.5,251.6,253.28333333333333,250.85763333333333,249.35903333333331,255.70903333333334,257.2076333333333,240.5833333333333,265.98333333333335,,,0.0,0.0,0.0,10,35
2019-08-20 10:40:00,245.7,246.0,245.55,246.0,262902,2019-08-20,2019,249.26666666666665,246.9333333333333,255.61666666666667,259.6333333333333,257.3,250.95,253.5,251.6,253.28333333333333,250.85763333333333,249.35903333333331,255.70903333333334,257.2076333333333,240.5833333333333,265.98333333333335,,,0.0,0.0,0.0,10,40
2019-08-20 10:45:00,245.95,246.5,245.8,246.25,151459,2019-08-20,2019,249.26666666666665,246.9333333333333,255.61666666666667,259.6333333333333,257.3,250.95,253.5,251.6,253.28333333333333,250.85763333333333,249.35903333333331,255.70903333333334,257.2076333333333,240.5833333333333,265.98333333333335,,,0.0,0.0,0.0,10,45
2019-08-20 10:50:00,246.25,246.65,246.0,246.6,100489,2019-08-20,2019,249.26666666666665,246.9333333333333,255.61666666666667,259.6333333333333,257.3,250.95,253.5,251.6,253.28333333333333,250.85763333333333,249.35903333333331,255.70903333333334,257.2076333333333,240.5833333333333,265.98333333333335,,,0.0,0.0,0.0,10,50
2019-08-20 10:55:00,246.55,246.9,246.4,246.7,145184,2019-08-20,2019,249.26666666666665,246.9333333333333,255.61666666666667,259.6333333333333,257.3,250.95,253.5,251.6,253.28333333333333,250.85763333333333,249.35903333333331,255.70903333333334,257.2076333333333,240.5833333333333,265.98333333333335,,,0.0,0.0,0.0,10,55
2019-08-20 11:00:00,246.75,247.0,246.65,246.8,101494,2019-08-20,2019,249.26666666666665,246.9333333333333,255.61666666666667,259.6333333333333,257.3,250.95,253.5,251.6,253.28333333333333,250.85763333333333,249.35903333333331,255.70903333333334,257.2076333333333,240.5833333333333,265.98333333333335,,,0.0,0.0,0.0,11,0
2019-08-20 11:05:00,246.8,247.0,246.3,246.45,98735,2019-08-20,2019,249.26666666666665,246.9333333333333,255.61666666666667,259.6333333333333,257.3,250.95,253.5,251.6,253.28333333333333,250.85763333333333,249.35903333333331,255.70903333333334,257.2076333333333,240.5833333333333,265.98333333333335,,,0.0,0.0,0.0,11,5
2019-08-20 11:10:00,246.45,246.7,246.4,246.6,55333,2019-08-20,2019,249.26666666666665,246.9333333333333,255.61666666666667,259.6333333333333,257.3,250.95,253.5,251.6,253.28333333333333,250.85763333333333,249.35903333333331,255.70903333333334,257.2076333333333,240.5833333333333,265.98333333333335,,,0.0,0.0,0.0,11,10
2019-08-20 11:15:00,246.7,246.85,246.45,246.75,152661,2019-08-20,2019,249.26666666666665,246.9333333333333,255.61666666666667,259.6333333333333,257.3,250.95,253.5,251.6,253.28333333333333,250.85763333333333,249.35903333333331,255.70903333333334,257.2076333333333,240.5833333333333,265.98333333333335,,,0.0,0.0,0.0,11,15
2019-08-20 11:20:00,246.8,247.25,246.65,247.05,141409,2019-08-20,2019,249.26666666666665,246.9333333333333,255.61666666666667,259.6333333333333,257.3,250.95,253.5,251.6,253.28333333333333,250.85763333333333,249.35903333333331,255.70903333333334,257.2076333333333,240.5833333333333,265.98333333333335,,,0.0,0.0,0.0,11,20
2019-08-20 11:25:00,247.0,247.3,247.0,247.1,114307,2019-08-20,2019,249.26666666666665,246.9333333333333,255.61666666666667,259.6333333333333,257.3,250.95,253.5,251.6,253.28333333333333,250.85763333333333,249.35903333333331,255.70903333333334,257.2076333333333,240.5833333333333,265.98333333333335,,,0.0,0.0,0.0,11,25
2019-08-20 11:30:00,247.15,247.25,247.0,247.0,175630,2019-08-20,2019,249.26666666666665,246.9333333333333,255.61666666666667,259.6333333333333,257.3,250.95,253.5,251.6,253.28333333333333,250.85763333333333,249.35903333333331,255.70903333333334,257.2076333333333,240.5833333333333,265.98333333333335,,,0.0,0.0,0.0,11,30
2019-08-20 11:35:00,247.05,247.25,247.0,247.2,68482,2019-08-20,2019,249.26666666666665,246.9333333333333,255.61666666666667,259.6333333333333,257.3,250.95,253.5,251.6,253.28333333333333,250.85763333333333,249.35903333333331,255.70903333333334,257.2076333333333,240.5833333333333,265.98333333333335,,,0.0,0.0,0.0,11,35
2019-08-20 11:40:00,247.2,247.35,247.1,247.25,40943,2019-08-20,2019,249.26666666666665,246.9333333333333,255.61666666666667,259.6333333333333,257.3,250.95,253.5,251.6,253.28333333333333,250.85763333333333,249.35903333333331,255.70903333333334,257.2076333333333,240.5833333333333,265.98333333333335,,,0.0,0.0,0.0,11,40
2019-08-20 11:45:00,247.25,247.5,247.2,247.3,89810,2019-08-20,2019,249.26666666666665,246.9333333333333,255.61666666666667,259.6333333333333,257.3,250.95,253.5,251.6,253.28333333333333,250.85763333333333,249.35903333333331,255.70903333333334,257.2076333333333,240.5833333333333,265.98333333333335,,,0.0,0.0,0.0,11,45
2019-08-20 11:50:00,247.3,247.4,247.2,247.35,57169,2019-08-20,2019,249.26666666666665,246.9333333333333,255.61666666666667,259.6333333333333,257.3,250.95,253.5,251.6,253.28333333333333,250.85763333333333,249.35903333333331,255.70903333333334,257.2076333333333,240.5833333333333,265.98333333333335,,,0.0,0.0,0.0,11,50
2019-08-20 11:55:00,247.3,247.4,247.0,247.2,107476,2019-08-20,2019,249.26666666666665,246.9333333333333,255.61666666666667,259.6333333333333,257.3,250.95,253.5,251.6,253.28333333333333,250.85763333333333,249.35903333333331,255.70903333333334,257.2076333333333,240.5833333333333,265.98333333333335,,,0.0,0.0,0.0,11,55
2019-08-20 12:00:00,247.15,247.5,247.1,247.45,456349,2019-08-20,2019,249.26666666666665,246.9333333333333,255.61666666666667,259.6333333333333,257.3,250.95,253.5,251.6,253.28333333333333,250.85763333333333,249.35903333333331,255.70903333333334,257.2076333333333,240.5833333333333,265.98333333333335,,,0.0,0.0,0.0,12,0
2019-08-20 12:05:00,247.45,247.65,247.0,247.0,345460,2019-08-20,2019,249.26666666666665,246.9333333333333,255.61666666666667,259.6333333333333,257.3,250.95,253.5,251.6,253.28333333333333,250.85763333333333,249.35903333333331,255.70903333333334,257.2076333333333,240.5833333333333,265.98333333333335,,,0.0,0.0,0.0,12,5
2019-08-20 12:10:00,247.0,247.1,246.85,247.1,107936,2019-08-20,2019,249.26666666666665,246.9333333333333,255.61666666666667,259.6333333333333,257.3,250.95,253.5,251.6,253.28333333333333,250.85763333333333,249.35903333333331,255.70903333333334,257.2076333333333,240.5833333333333,265.98333333333335,,,0.0,0.0,0.0,12,10
2019-08-20 12:15:00,247.1,247.3,247.0,247.2,93560,2019-08-20,2019,249.26666666666665,246.9333333333333,255.61666666666667,259.6333333333333,257.3,250.95,253.5,251.6,253.28333333333333,250.85763333333333,249.35903333333331,255.70903333333334,257.2076333333333,240.5833333333333,265.98333333333335,,,0.0,0.0,0.0,12,15
2019-08-20 12:20:00,247.15,247.2,246.85,247.0,172418,2019-08-20,2019,249.26666666666665,246.9333333333333,255.61666666666667,259.6333333333333,257.3,250.95,253.5,251.6,253.28333333333333,250.85763333333333,249.35903333333331,255.70903333333334,257.2076333333333,240.5833333333333,265.98333333333335,,,0.0,0.0,0.0,12,20
2019-08-20 12:25:00,246.95,247.25,246.95,247.0,367991,2019-08-20,2019,249.26666666666665,246.9333333333333,255.61666666666667,259.6333333333333,257.3,250.95,253.5,251.6,253.28333333333333,250.85763333333333,249.35903333333331,255.70903333333334,257.2076333333333,240.5833333333333,265.98333333333335,,,0.0,0.0,0.0,12,25
2019-08-20 12:30:00,247.0,247.05,246.9,247.0,298054,2019-08-20,2019,249.26666666666665,246.9333333333333,255.61666666666667,259.6333333333333,257.3,250.95,253.5,251.6,253.28333333333333,250.85763333333333,249.35903333333331,255.70903333333334,257.2076333333333,240.5833333333333,265.98333333333335,,,0.0,0.0,0.0,12,30
2019-08-20 12:35:00,247.0,247.0,246.9,247.0,83626,2019-08-20,2019,249.26666666666665,246.9333333333333,255.61666666666667,259.6333333333333,257.3,250.95,253.5,251.6,253.28333333333333,250.85763333333333,249.35903333333331,255.70903333333334,257.2076333333333,240.5833333333333,265.98333333333335,,,0.0,0.0,0.0,12,35
2019-08-20 12:40:00,246.95,247.0,246.8,246.95,105242,2019-08-20,2019,249.26666666666665,246.9333333333333,255.61666666666667,259.6333333333333,257.3,250.95,253.5,251.6,253.28333333333333,250.85763333333333,249.35903333333331,255.70903333333334,257.2076333333333,240.5833333333333,265.98333333333335,,,0.0,0.0,0.0,12,40
2019-08-20 12:45:00,246.95,247.05,246.7,247.0,191772,2019-08-20,2019,249.26666666666665,246.9333333333333,255.61666666666667,259.6333333333333,257.3,250.95,253.5,251.6,253.28333333333333,250.85763333333333,249.35903333333331,255.70903333333334,257.2076333333333,240.5833333333333,265.98333333333335,,,0.0,0.0,0.0,12,45
2019-08-20 12:50:00,247.0,247.1,246.9,247.0,130438,2019-08-20,2019,249.26666666666665,246.9333333333333,255.61666666666667,259.6333333333333,257.3,250.95,253.5,251.6,253.28333333333333,250.85763333333333,249.35903333333331,255.70903333333334,257.2076333333333,240.5833333333333,265.98333333333335,,,0.0,0.0,0.0,12,50
2019-08-20 12:55:00,247.05,247.3,246.95,247.0,166289,2019-08-20,2019,249.26666666666665,246.9333333333333,255.61666666666667,259.6333333333333,257.3,250.95,253.5,251.6,253.28333333333333,250.85763333333333,249.35903333333331,255.70903333333334,257.2076333333333,240.5833333333333,265.98333333333335,,,0.0,0.0,0.0,12,55
2019-08-20 13:00:00,247.0,247.2,246.95,247.0,72922,2019-08-20,2019,249.26666666666665,246.9333333333333,255.61666666666667,259.6333333333333,257.3,250.95,253.5,251.6,253.28333333333333,250.85763333333333,249.35903333333331,255.70903333333334,257.2076333333333,240.5833333333333,265.98333333333335,,,0.0,0.0,0.0,13,0
2019-08-20 13:05:00,247.0,247.1,246.95,247.0,92196,2019-08-20,2019,249.26666666666665,246.9333333333333,255.61666666666667,259.6333333333333,257.3,250.95,253.5,251.6,253.28333333333333,250.85763333333333,249.35903333333331,255.70903333333334,257.2076333333333,240.5833333333333,265.98333333333335,,,0.0,0.0,0.0,13,5
2019-08-20 13:10:00,247.05,247.05,246.85,246.95,168179,2019-08-20,2019,249.26666666666665,246.9333333333333,255.61666666666667,259.6333333333333,257.3,250.95,253.5,251.6,253.28333333333333,250.85763333333333,249.35903333333331,255.70903333333334,257.2076333333333,240.5833333333333,265.98333333333335,,,0.0,0.0,0.0,13,10
2019-08-20 13:15:00,246.9,247.5,246.9,247.2,471931,2019-08-20,2019,249.26666666666665,246.9333333333333,255.61666666666667,259.6333333333333,257.3,250.95,253.5,251.6,253.28333333333333,250.85763333333333,249.35903333333331,255.70903333333334,257.2076333333333,240.5833333333333,265.98333333333335,,,0.0,0.0,0.0,13,15
2019-08-20 13:20:00,247.3,247.55,247.2,247.35,193580,2019-08-20,2019,249.26666666666665,246.9333333333333,255.61666666666667,259.6333333333333,257.3,250.95,253.5,251.6,253.28333333333333,250.85763333333333,249.35903333333331,255.70903333333334,257.2076333333333,240.5833333333333,265.98333333333335,,,0.0,0.0,0.0,13,20
2019-08-20 13:25:00,247.4,247.5,247.05,247.15,138362,2019-08-20,2019,249.26666666666665,246.9333333333333,255.61666666666667,259.6333333333333,257.3,250.95,253.5,251.6,253.28333333333333,250.85763333333333,249.35903333333331,255.70903333333334,257.2076333333333,240.5833333333333,265.98333333333335,,,0.0,0.0,0.0,13,25
2019-08-20 13:30:00,247.2,247.55,247.2,247.25,136987,2019-08-20,2019,249.26666666666665,246.9333333333333,255.61666666666667,259.6333333333333,257.3,250.95,253.5,251.6,253.28333333333333,250.85763333333333,249.35903333333331,255.70903333333334,257.2076333333333,240.5833333333333,265.98333333333335,,,0.0,0.0,0.0,13,30
2019-08-20 13:35:00,247.3,247.45,247.0,247.05,152430,2019-08-20,2019,249.26666666666665,246.9333333333333,255.61666666666667,259.6333333333333,257.3,250.95,253.5,251.6,253.28333333333333,250.85763333333333,249.35903333333331,255.70903333333334,257.2076333333333,240.5833333333333,265.98333333333335,,,0.0,0.0,0.0,13,35
2019-08-20 13:40:00,247.1,247.1,246.8,247.05,166729,2019-08-20,2019,249.26666666666665,246.9333333333333,255.61666666666667,259.6333333333333,257.3,250.95,253.5,251.6,253.28333333333333,250.85763333333333,249.35903333333331,255.70903333333334,257.2076333333333,240.5833333333333,265.98333333333335,,,0.0,0.0,0.0,13,40
2019-08-20 13:45:00,247.1,247.1,246.85,247.05,138480,2019-08-20,2019,249.26666666666665,246.9333333333333,255.61666666666667,259.6333333333333,257.3,250.95,253.5,251.6,253.28333333333333,250.85763333333333,249.35903333333331,255.70903333333334,257.2076333333333,240.5833333333333,265.98333333333335,,,0.0,0.0,0.0,13,45
2019-08-20 13:50:00,247.05,247.15,246.95,247.05,139451,2019-08-20,2019,249.26666666666665,246.9333333333333,255.61666666666667,259.6333333333333,257.3,250.95,253.5,251.6,253.28333333333333,250.85763333333333,249.35903333333331,255.70903333333334,257.2076333333333,240.5833333333333,265.98333333333335,,,0.0,0.0,0.0,13,50
2019-08-20 13:55:00,247.1,247.1,246.9,247.0,115461,2019-08-20,2019,249.26666666666665,246.9333333333333,255.61666666666667,259.6333333333333,257.3,250.95,253.5,251.6,253.28333333333333,250.85763333333333,249.35903333333331,255.70903333333334,257.2076333333333,240.5833333333333,265.98333333333335,,,0.0,0.0,0.0,13,55
2019-08-20 14:00:00,246.95,247.5,246.95,247.3,274148,2019-08-20,2019,249.26666666666665,246.9333333333333,255.61666666666667,259.6333333333333,257.3,250.95,253.5,251.6,253.28333333333333,250.85763333333333,249.35903333333331,255.70903333333334,257.2076333333333,240.5833333333333,265.98333333333335,,,0.0,0.0,0.0,14,0
2019-08-20 14:05:00,247.35,247.75,247.25,247.6,426056,2019-08-20,2019,249.26666666666665,246.9333333333333,255.61666666666667,259.6333333333333,257.3,250.95,253.5,251.6,253.28333333333333,250.85763333333333,249.35903333333331,255.70903333333334,257.2076333333333,240.5833333333333,265.98333333333335,,,0.0,0.0,0.0,14,5
2019-08-20 14:10:00,247.65,247.65,247.05,247.2,177039,2019-08-20,2019,249.26666666666665,246.9333333333333,255.61666666666667,259.6333333333333,257.3,250.95,253.5,251.6,253.28333333333333,250.85763333333333,249.35903333333331,255.70903333333334,257.2076333333333,240.5833333333333,265.98333333333335,,,0.0,0.0,0.0,14,10
2019-08-20 14:15:00,247.15,247.25,246.9,247.05,107145,2019-08-20,2019,249.26666666666665,246.9333333333333,255.61666666666667,259.6333333333333,257.3,250.95,253.5,251.6,253.28333333333333,250.85763333333333,249.35903333333331,255.70903333333334,257.2076333333333,240.5833333333333,265.98333333333335,,,0.0,0.0,0.0,14,15
2019-08-20 14:20:00,247.05,247.1,246.95,247.0,84878,2019-08-20,2019,249.26666666666665,246.9333333333333,255.61666666666667,259.6333333333333,257.3,250.95,253.5,251.6,253.28333333333333,250.85763333333333,249.35903333333331,255.70903333333334,257.2076333333333,240.5833333333333,265.98333333333335,,,0.0,0.0,0.0,14,20
2019-08-20 14:25:00,246.95,247.1,246.95,247.0,171126,2019-08-20,2019,249.26666666666665,246.9333333333333,255.61666666666667,259.6333333333333,257.3,250.95,253.5,251.6,253.28333333333333,250.85763333333333,249.35903333333331,255.70903333333334,257.2076333333333,240.5833333333333,265.98333333333335,,,0.0,0.0,0.0,14,25
2019-08-20 14:30:00,247.0,247.05,246.95,247.0,61781,2019-08-20,2019,249.26666666666665,246.9333333333333,255.61666666666667,259.6333333333333,257.3,250.95,253.5,251.6,253.28333333333333,250.85763333333333,249.35903333333331,255.70903333333334,257.2076333333333,240.5833333333333,265.98333333333335,,,0.0,0.0,0.0,14,30
2019-08-20 14:35:00,246.95,247.0,246.95,246.95,136106,2019-08-20,2019,249.26666666666665,246.9333333333333,255.61666666666667,259.6333333333333,257.3,250.95,253.5,251.6,253.28333333333333,250.85763333333333,249.35903333333331,255.70903333333334,257.2076333333333,240.5833333333333,265.98333333333335,,,0.0,0.0,0.0,14,35
2019-08-20 14:40:00,246.95,247.0,246.2,246.4,213819,2019-08-20,2019,249.26666666666665,246.9333333333333,255.61666666666667,259.6333333333333,257.3,250.95,253.5,251.6,253.28333333333333,250.85763333333333,249.35903333333331,255.70903333333334,257.2076333333333,240.5833333333333,265.98333333333335,,,0.0,0.0,0.0,14,40
2019-08-20 14:45:00,246.4,246.45,245.95,246.15,223017,2019-08-20,2019,249.26666666666665,246.9333333333333,255.61666666666667,259.6333333333333,257.3,250.95,253.5,251.6,253.28333333333333,250.85763333333333,249.35903333333331,255.70903333333334,257.2076333333333,240.5833333333333,265.98333333333335,,,0.0,0.0,0.0,14,45
2019-08-20 14:50:00,246.2,246.4,246.0,246.1,185949,2019-08-20,2019,249.26666666666665,246.9333333333333,255.61666666666667,259.6333333333333,257.3,250.95,253.5,251.6,253.28333333333333,250.85763333333333,249.35903333333331,255.70903333333334,257.2076333333333,240.5833333333333,265.98333333333335,,,0.0,0.0,0.0,14,50
2019-08-20 14:55:00,246.15,246.4,245.85,246.0,250468,2019-08-20,2019,249.26666666666665,246.9333333333333,255.61666666666667,259.6333333333333,257.3,250.95,253.5,251.6,253.28333333333333,250.85763333333333,249.35903333333331,255.70903333333334,257.2076333333333,240.5833333333333,265.98333333333335,,,0.0,0.0,0.0,14,55
2019-08-20 15:00:00,246.0,246.5,245.85,246.45,341335,2019-08-20,2019,249.26666666666665,246.9333333333333,255.61666666666667,259.6333333333333,257.3,250.95,253.5,251.6,253.28333333333333,250.85763333333333,249.35903333333331,255.70903333333334,257.2076333333333,240.5833333333333,265.98333333333335,,,0.0,0.0,0.0,15,0
2019-08-20 15:05:00,246.5,246.6,246.25,246.6,280901,2019-08-20,2019,249.26666666666665,246.9333333333333,255.61666666666667,259.6333333333333,257.3,250.95,253.5,251.6,253.28333333333333,250.85763333333333,249.35903333333331,255.70903333333334,257.2076333333333,240.5833333333333,265.98333333333335,,,0.0,0.0,0.0,15,5
2019-08-20 15:10:00,246.6,246.65,246.0,246.55,550296,2019-08-20,2019,249.26666666666665,246.9333333333333,255.61666666666667,259.6333333333333,257.3,250.95,253.5,251.6,253.28333333333333,250.85763333333333,249.35903333333331,255.70903333333334,257.2076333333333,240.5833333333333,265.98333333333335,,,0.0,0.0,0.0,15,10
2019-08-20 15:15:00,246.6,247.0,246.35,246.9,368379,2019-08-20,2019,249.26666666666665,246.9333333333333,255.61666666666667,259.6333333333333,257.3,250.95,253.5,251.6,253.28333333333333,250.85763333333333,249.35903333333331,255.70903333333334,257.2076333333333,240.5833333333333,265.98333333333335,,,0.0,0.0,0.0,15,15
2019-08-20 15:20:00,246.95,247.0,246.55,246.7,267911,2019-08-20,2019,249.26666666666665,246.9333333333333,255.61666666666667,259.6333333333333,257.3,250.95,253.5,251.6,253.28333333333333,250.85763333333333,249.35903333333331,255.70903333333334,257.2076333333333,240.5833333333333,265.98333333333335,,,0.0,0.0,0.0,15,20
2019-08-20 15:25:00,246.7,247.0,246.6,246.9,199623,2019-08-20,2019,249.26666666666665,246.9333333333333,255.61666666666667,259.6333333333333,257.3,250.95,253.5,251.6,253.28333333333333,250.85763333333333,249.35903333333331,255.70903333333334,257.2076333333333,240.5833333333333,265.98333333333335,,,0.0,0.0,0.0,15,25
2019-08-21 09:15:00,246.7,246.9,245.1,245.75,440005,2019-08-21,2019,244.26666666666668,241.63333333333333,250.7166666666667,254.53333333333336,251.9,245.45,251.6,246.9,248.08333333333334,245.61943333333335,244.09723333333332,250.54723333333334,252.06943333333336,235.1833333333333,260.98333333333335,,,0.0,0.0,0.0,9,15
2019-08-21 09:20:00,245.7,246.1,245.25,246.05,242970,2019-08-21,2019,244.26666666666668,241.63333333333333,250.7166666666667,254.53333333333336,251.9,245.45,251.6,246.9,248.08333333333334,245.61943333333335,244.09723333333332,250.54723333333334,252.06943333333336,235.1833333333333,260.98333333333335,,,0.0,0.0,0.0,9,20
2019-08-21 09:25:00,245.95,246.45,245.8,246.15,214951,2019-08-21,2019,244.26666666666668,241.63333333333333,250.7166666666667,254.53333333333336,251.9,245.45,251.6,246.9,248.08333333333334,245.61943333333335,244.09723333333332,250.54723333333334,252.06943333333336,235.1833333333333,260.98333333333335,,,0.0,0.0,0.0,9,25
2019-08-21 09:30:00,246.15,246.3,245.25,245.4,213119,2019-08-21,2019,244.26666666666668,241.63333333333333,250.7166666666667,254.53333333333336,251.9,245.45,251.6,246.9,248.08333333333334,245.61943333333335,244.09723333333332,250.54723333333334,252.06943333333336,235.1833333333333,260.98333333333335,,,0.0,0.0,0.0,9,30
2019-08-21 09:35:00,245.25,245.5,244.75,244.95,259150,2019-08-21,2019,244.26666666666668,241.63333333333333,250.7166666666667,254.53333333333336,251.9,245.45,251.6,246.9,248.08333333333334,245.61943333333335,244.09723333333332,250.54723333333334,252.06943333333336,235.1833333333333,260.98333333333335,Entry,Sell,244.95,241.63333333333333,246.9,9,35
2019-08-21 09:40:00,244.95,245.2,244.9,245.1,154238,2019-08-21,2019,244.26666666666668,241.63333333333333,250.7166666666667,254.53333333333336,251.9,245.45,251.6,246.9,248.08333333333334,245.61943333333335,244.09723333333332,250.54723333333334,252.06943333333336,235.1833333333333,260.98333333333335,,,0.0,0.0,0.0,9,40
2019-08-21 09:45:00,245.1,245.2,244.85,245.1,190112,2019-08-21,2019,244.26666666666668,241.63333333333333,250.7166666666667,254.53333333333336,251.9,245.45,251.6,246.9,248.08333333333334,245.61943333333335,244.09723333333332,250.54723333333334,252.06943333333336,235.1833333333333,260.98333333333335,,,0.0,0.0,0.0,9,45
2019-08-21 09:50:00,245.05,245.25,244.95,245.05,159767,2019-08-21,2019,244.26666666666668,241.63333333333333,250.7166666666667,254.53333333333336,251.9,245.45,251.6,246.9,248.08333333333334,245.61943333333335,244.09723333333332,250.54723333333334,252.06943333333336,235.1833333333333,260.98333333333335,,,0.0,0.0,0.0,9,50
2019-08-21 09:55:00,245.05,245.25,244.9,245.1,96416,2019-08-21,2019,244.26666666666668,241.63333333333333,250.7166666666667,254.53333333333336,251.9,245.45,251.6,246.9,248.08333333333334,245.61943333333335,244.09723333333332,250.54723333333334,252.06943333333336,235.1833333333333,260.98333333333335,,,0.0,0.0,0.0,9,55
2019-08-21 10:00:00,245.15,245.85,244.8,245.0,264934,2019-08-21,2019,244.26666666666668,241.63333333333333,250.7166666666667,254.53333333333336,251.9,245.45,251.6,246.9,248.08333333333334,245.61943333333335,244.09723333333332,250.54723333333334,252.06943333333336,235.1833333333333,260.98333333333335,,,0.0,0.0,0.0,10,0
2019-08-21 10:05:00,245.0,245.1,244.65,244.9,119233,2019-08-21,2019,244.26666666666668,241.63333333333333,250.7166666666667,254.53333333333336,251.9,245.45,251.6,246.9,248.08333333333334,245.61943333333335,244.09723333333332,250.54723333333334,252.06943333333336,235.1833333333333,260.98333333333335,,,0.0,0.0,0.0,10,5
2019-08-21 10:10:00,244.85,245.0,244.55,244.8,143355,2019-08-21,2019,244.26666666666668,241.63333333333333,250.7166666666667,254.53333333333336,251.9,245.45,251.6,246.9,248.08333333333334,245.61943333333335,244.09723333333332,250.54723333333334,252.06943333333336,235.1833333333333,260.98333333333335,,,0.0,0.0,0.0,10,10
2019-08-21 10:15:00,244.8,244.95,244.55,244.85,121099,2019-08-21,2019,244.26666666666668,241.63333333333333,250.7166666666667,254.53333333333336,251.9,245.45,251.6,246.9,248.08333333333334,245.61943333333335,244.09723333333332,250.54723333333334,252.06943333333336,235.1833333333333,260.98333333333335,,,0.0,0.0,0.0,10,15
2019-08-21 10:20:00,244.95,245.05,244.85,245.0,105029,2019-08-21,2019,244.26666666666668,241.63333333333333,250.7166666666667,254.53333333333336,251.9,245.45,251.6,246.9,248.08333333333334,245.61943333333335,244.09723333333332,250.54723333333334,252.06943333333336,235.1833333333333,260.98333333333335,,,0.0,0.0,0.0,10,20
2019-08-21 10:25:00,245.0,245.15,244.95,245.0,114027,2019-08-21,2019,244.26666666666668,241.63333333333333,250.7166666666667,254.53333333333336,251.9,245.45,251.6,246.9,248.08333333333334,245.61943333333335,244.09723333333332,250.54723333333334,252.06943333333336,235.1833333333333,260.98333333333335,,,0.0,0.0,0.0,10,25
2019-08-21 10:30:00,245.0,245.15,244.3,244.35,171149,2019-08-21,2019,244.26666666666668,241.63333333333333,250.7166666666667,254.53333333333336,251.9,245.45,251.6,246.9,248.08333333333334,245.61943333333335,244.09723333333332,250.54723333333334,252.06943333333336,235.1833333333333,260.98333333333335,,,0.0,0.0,0.0,10,30
2019-08-21 10:35:00,244.4,244.5,244.25,244.35,203089,2019-08-21,2019,244.26666666666668,241.63333333333333,250.7166666666667,254.53333333333336,251.9,245.45,251.6,246.9,248.08333333333334,245.61943333333335,244.09723333333332,250.54723333333334,252.06943333333336,235.1833333333333,260.98333333333335,,,0.0,0.0,0.0,10,35
2019-08-21 10:40:00,244.5,244.65,244.25,244.3,155550,2019-08-21,2019,244.26666666666668,241.63333333333333,250.7166666666667,254.53333333333336,251.9,245.45,251.6,246.9,248.08333333333334,245.61943333333335,244.09723333333332,250.54723333333334,252.06943333333336,235.1833333333333,260.98333333333335,,,0.0,0.0,0.0,10,40
2019-08-21 10:45:00,244.3,244.4,243.3,243.55,454909,2019-08-21,2019,244.26666666666668,241.63333333333333,250.7166666666667,254.53333333333336,251.9,245.45,251.6,246.9,248.08333333333334,245.61943333333335,244.09723333333332,250.54723333333334,252.06943333333336,235.1833333333333,260.98333333333335,,,0.0,0.0,0.0,10,45
2019-08-21 10:50:00,243.55,243.65,242.75,243.2,299291,2019-08-21,2019,244.26666666666668,241.63333333333333,250.7166666666667,254.53333333333336,251.9,245.45,251.6,246.9,248.08333333333334,245.61943333333335,244.09723333333332,250.54723333333334,252.06943333333336,235.1833333333333,260.98333333333335,,,0.0,0.0,0.0,10,50
2019-08-21 10:55:00,243.15,243.95,243.15,243.75,163145,2019-08-21,2019,244.26666666666668,241.63333333333333,250.7166666666667,254.53333333333336,251.9,245.45,251.6,246.9,248.08333333333334,245.61943333333335,244.09723333333332,250.54723333333334,252.06943333333336,235.1833333333333,260.98333333333335,Exit,Buy,243.72525,245.59468333333334,242.75,10,55
2019-08-21 11:00:00,243.7,243.9,243.45,243.6,176351,2019-08-21,2019,244.26666666666668,241.63333333333333,250.7166666666667,254.53333333333336,251.9,245.45,251.6,246.9,248.08333333333334,245.61943333333335,244.09723333333332,250.54723333333334,252.06943333333336,235.1833333333333,260.98333333333335,,,0.0,0.0,0.0,11,0
2019-08-21 11:05:00,243.5,243.55,243.25,243.3,124020,2019-08-21,2019,244.26666666666668,241.63333333333333,250.7166666666667,254.53333333333336,251.9,245.45,251.6,246.9,248.08333333333334,245.61943333333335,244.09723333333332,250.54723333333334,252.06943333333336,235.1833333333333,260.98333333333335,,,0.0,0.0,0.0,11,5
2019-08-21 11:10:00,243.3,243.5,243.05,243.15,98183,2019-08-21,2019,244.26666666666668,241.63333333333333,250.7166666666667,254.53333333333336,251.9,245.45,251.6,246.9,248.08333333333334,245.61943333333335,244.09723333333332,250.54723333333334,252.06943333333336,235.1833333333333,260.98333333333335,,,0.0,0.0,0.0,11,10
2019-08-21 11:15:00,243.1,243.1,242.8,243.0,180787,2019-08-21,2019,244.26666666666668,241.63333333333333,250.7166666666667,254.53333333333336,251.9,245.45,251.6,246.9,248.08333333333334,245.61943333333335,244.09723333333332,250.54723333333334,252.06943333333336,235.1833333333333,260.98333333333335,,,0.0,0.0,0.0,11,15
2019-08-21 11:20:00,242.95,243.3,242.8,243.15,256300,2019-08-21,2019,244.26666666666668,241.63333333333333,250.7166666666667,254.53333333333336,251.9,245.45,251.6,246.9,248.08333333333334,245.61943333333335,244.09723333333332,250.54723333333334,252.06943333333336,235.1833333333333,260.98333333333335,,,0.0,0.0,0.0,11,20
2019-08-21 11:25:00,243.15,243.45,243.05,243.05,151594,2019-08-21,2019,244.26666666666668,241.63333333333333,250.7166666666667,254.53333333333336,251.9,245.45,251.6,246.9,248.08333333333334,245.61943333333335,244.09723333333332,250.54723333333334,252.06943333333336,235.1833333333333,260.98333333333335,,,0.0,0.0,0.0,11,25
2019-08-21 11:30:00,243.05,243.25,242.8,242.9,94528,2019-08-21,2019,244.26666666666668,241.63333333333333,250.7166666666667,254.53333333333336,251.9,245.45,251.6,246.9,248.08333333333334,245.61943333333335,244.09723333333332,250.54723333333334,252.06943333333336,235.1833333333333,260.98333333333335,,,0.0,0.0,0.0,11,30
2019-08-21 11:35:00,242.85,243.05,242.55,242.7,165317,2019-08-21,2019,244.26666666666668,241.63333333333333,250.7166666666667,254.53333333333336,251.9,245.45,251.6,246.9,248.08333333333334,245.61943333333335,244.09723333333332,250.54723333333334,252.06943333333336,235.1833333333333,260.98333333333335,Exit,Sell,242.75,235.23333333333332,246.9,11,35
2019-08-21 11:40:00,242.6,243.0,242.35,242.35,251622,2019-08-21,2019,244.26666666666668,241.63333333333333,250.7166666666667,254.53333333333336,251.9,245.45,251.6,246.9,248.08333333333334,245.61943333333335,244.09723333333332,250.54723333333334,252.06943333333336,235.1833333333333,260.98333333333335,,,0.0,0.0,0.0,11,40
2019-08-21 11:45:00,242.35,242.6,242.2,242.2,167210,2019-08-21,2019,244.26666666666668,241.63333333333333,250.7166666666667,254.53333333333336,251.9,245.45,251.6,246.9,248.08333333333334,245.61943333333335,244.09723333333332,250.54723333333334,252.06943333333336,235.1833333333333,260.98333333333335,,,0.0,0.0,0.0,11,45
2019-08-21 11:50:00,242.3,242.5,242.1,242.35,158448,2019-08-21,2019,244.26666666666668,241.63333333333333,250.7166666666667,254.53333333333336,251.9,245.45,251.6,246.9,248.08333333333334,245.61943333333335,244.09723333333332,250.54723333333334,252.06943333333336,235.1833333333333,260.98333333333335,,,0.0,0.0,0.0,11,50
2019-08-21 11:55:00,242.35,242.5,242.1,242.15,156323,2019-08-21,2019,244.26666666666668,241.63333333333333,250.7166666666667,254.53333333333336,251.9,245.45,251.6,246.9,248.08333333333334,245.61943333333335,244.09723333333332,250.54723333333334,252.06943333333336,235.1833333333333,260.98333333333335,,,0.0,0.0,0.0,11,55
2019-08-21 12:00:00,242.1,242.2,241.5,241.6,325419,2019-08-21,2019,244.26666666666668,241.63333333333333,250.7166666666667,254.53333333333336,251.9,245.45,251.6,246.9,248.08333333333334,245.61943333333335,244.09723333333332,250.54723333333334,252.06943333333336,235.1833333333333,260.98333333333335,,,0.0,0.0,0.0,12,0
2019-08-21 12:05:00,241.6,241.8,241.15,241.45,272912,2019-08-21,2019,244.26666666666668,241.63333333333333,250.7166666666667,254.53333333333336,251.9,245.45,251.6,246.9,248.08333333333334,245.61943333333335,244.09723333333332,250.54723333333334,252.06943333333336,235.1833333333333,260.98333333333335,Exit,Buy,241.53625,244.18348333333333,241.5,12,5
2019-08-21 12:10:00,241.45,241.9,241.4,241.85,125880,2019-08-21,2019,244.26666666666668,241.63333333333333,250.7166666666667,254.53333333333336,251.9,245.45,251.6,246.9,248.08333333333334,245.61943333333335,244.09723333333332,250.54723333333334,252.06943333333336,235.1833333333333,260.98333333333335,Exit,Sell,241.5,234.83333333333331,246.9,12,10
2019-08-21 12:15:00,241.8,241.9,241.7,241.8,98990,2019-08-21,2019,244.26666666666668,241.63333333333333,250.7166666666667,254.53333333333336,251.9,245.45,251.6,246.9,248.08333333333334,245.61943333333335,244.09723333333332,250.54723333333334,252.06943333333336,235.1833333333333,260.98333333333335,,,0.0,0.0,0.0,12,15
2019-08-21 12:20:00,241.8,242.2,241.7,242.05,124355,2019-08-21,2019,244.26666666666668,241.63333333333333,250.7166666666667,254.53333333333336,251.9,245.45,251.6,246.9,248.08333333333334,245.61943333333335,244.09723333333332,250.54723333333334,252.06943333333336,235.1833333333333,260.98333333333335,,,0.0,0.0,0.0,12,20
2019-08-21 12:25:00,242.1,242.4,242.0,242.4,121365,2019-08-21,2019,244.26666666666668,241.63333333333333,250.7166666666667,254.53333333333336,251.9,245.45,251.6,246.9,248.08333333333334,245.61943333333335,244.09723333333332,250.54723333333334,252.06943333333336,235.1833333333333,260.98333333333335,,,0.0,0.0,0.0,12,25
2019-08-21 12:30:00,242.4,242.8,242.3,242.75,159169,2019-08-21,2019,244.26666666666668,241.63333333333333,250.7166666666667,254.53333333333336,251.9,245.45,251.6,246.9,248.08333333333334,245.61943333333335,244.09723333333332,250.54723333333334,252.06943333333336,235.1833333333333,260.98333333333335,,,0.0,0.0,0.0,12,30
2019-08-21 12:35:00,242.75,242.95,242.55,242.9,163645,2019-08-21,2019,244.26666666666668,241.63333333333333,250.7166666666667,254.53333333333336,251.9,245.45,251.6,246.9,248.08333333333334,245.61943333333335,244.09723333333332,250.54723333333334,252.06943333333336,235.1833333333333,260.98333333333335,,,0.0,0.0,0.0,12,35
2019-08-21 12:40:00,242.85,243.0,242.7,242.85,110907,2019-08-21,2019,244.26666666666668,241.63333333333333,250.7166666666667,254.53333333333336,251.9,245.45,251.6,246.9,248.08333333333334,245.61943333333335,244.09723333333332,250.54723333333334,252.06943333333336,235.1833333333333,260.98333333333335,,,0.0,0.0,0.0,12,40
2019-08-21 12:45:00,242.8,243.15,242.7,242.95,193659,2019-08-21,2019,244.26666666666668,241.63333333333333,250.7166666666667,254.53333333333336,251.9,245.45,251.6,246.9,248.08333333333334,245.61943333333335,244.09723333333332,250.54723333333334,252.06943333333336,235.1833333333333,260.98333333333335,,,0.0,0.0,0.0,12,45
2019-08-21 12:50:00,242.95,243.2,242.8,243.1,89501,2019-08-21,2019,244.26666666666668,241.63333333333333,250.7166666666667,254.53333333333336,251.9,245.45,251.6,246.9,248.08333333333334,245.61943333333335,244.09723333333332,250.54723333333334,252.06943333333336,235.1833333333333,260.98333333333335,,,0.0,0.0,0.0,12,50
2019-08-21 12:55:00,243.05,243.15,242.95,243.05,151888,2019-08-21,2019,244.26666666666668,241.63333333333333,250.7166666666667,254.53333333333336,251.9,245.45,251.6,246.9,248.08333333333334,245.61943333333335,244.09723333333332,250.54723333333334,252.06943333333336,235.1833333333333,260.98333333333335,,,0.0,0.0,0.0,12,55
2019-08-21 13:00:00,243.15,243.3,242.95,243.1,116586,2019-08-21,2019,244.26666666666668,241.63333333333333,250.7166666666667,254.53333333333336,251.9,245.45,251.6,246.9,248.08333333333334,245.61943333333335,244.09723333333332,250.54723333333334,252.06943333333336,235.1833333333333,260.98333333333335,,,0.0,0.0,0.0,13,0
2019-08-21 13:05:00,243.1,243.1,242.85,242.95,117292,2019-08-21,2019,244.26666666666668,241.63333333333333,250.7166666666667,254.53333333333336,251.9,245.45,251.6,246.9,248.08333333333334,245.61943333333335,244.09723333333332,250.54723333333334,252.06943333333336,235.1833333333333,260.98333333333335,,,0.0,0.0,0.0,13,5
2019-08-21 13:10:00,242.95,242.95,242.25,242.4,91554,2019-08-21,2019,244.26666666666668,241.63333333333333,250.7166666666667,254.53333333333336,251.9,245.45,251.6,246.9,248.08333333333334,245.61943333333335,244.09723333333332,250.54723333333334,252.06943333333336,235.1833333333333,260.98333333333335,,,0.0,0.0,0.0,13,10
2019-08-21 13:15:00,242.35,242.7,242.15,242.65,117383,2019-08-21,2019,244.26666666666668,241.63333333333333,250.7166666666667,254.53333333333336,251.9,245.45,251.6,246.9,248.08333333333334,245.61943333333335,244.09723333333332,250.54723333333334,252.06943333333336,235.1833333333333,260.98333333333335,,,0.0,0.0,0.0,13,15
2019-08-21 13:20:00,242.65,242.65,242.05,242.2,81792,2019-08-21,2019,244.26666666666668,241.63333333333333,250.7166666666667,254.53333333333336,251.9,245.45,251.6,246.9,248.08333333333334,245.61943333333335,244.09723333333332,250.54723333333334,252.06943333333336,235.1833333333333,260.98333333333335,,,0.0,0.0,0.0,13,20
2019-08-21 13:25:00,242.2,242.25,241.75,242.0,159957,2019-08-21,2019,244.26666666666668,241.63333333333333,250.7166666666667,254.53333333333336,251.9,245.45,251.6,246.9,248.08333333333334,245.61943333333335,244.09723333333332,250.54723333333334,252.06943333333336,235.1833333333333,260.98333333333335,,,0.0,0.0,0.0,13,25
2019-08-21 13:30:00,242.0,242.15,242.0,242.15,91671,2019-08-21,2019,244.26666666666668,241.63333333333333,250.7166666666667,254.53333333333336,251.9,245.45,251.6,246.9,248.08333333333334,245.61943333333335,244.09723333333332,250.54723333333334,252.06943333333336,235.1833333333333,260.98333333333335,,,0.0,0.0,0.0,13,30
2019-08-21 13:35:00,242.1,242.25,242.05,242.1,101724,2019-08-21,2019,244.26666666666668,241.63333333333333,250.7166666666667,254.53333333333336,251.9,245.45,251.6,246.9,248.08333333333334,245.61943333333335,244.09723333333332,250.54723333333334,252.06943333333336,235.1833333333333,260.98333333333335,,,0.0,0.0,0.0,13,35
2019-08-21 13:40:00,242.05,242.15,242.05,242.05,77069,2019-08-21,2019,244.26666666666668,241.63333333333333,250.7166666666667,254.53333333333336,251.9,245.45,251.6,246.9,248.08333333333334,245.61943333333335,244.09723333333332,250.54723333333334,252.06943333333336,235.1833333333333,260.98333333333335,,,0.0,0.0,0.0,13,40
2019-08-21 13:45:00,242.05,242.2,242.0,242.05,115394,2019-08-21,2019,244.26666666666668,241.63333333333333,250.7166666666667,254.53333333333336,251.9,245.45,251.6,246.9,248.08333333333334,245.61943333333335,244.09723333333332,250.54723333333334,252.06943333333336,235.1833333333333,260.98333333333335,,,0.0,0.0,0.0,13,45
2019-08-21 13:50:00,242.05,242.2,242.0,242.1,74342,2019-08-21,2019,244.26666666666668,241.63333333333333,250.7166666666667,254.53333333333336,251.9,245.45,251.6,246.9,248.08333333333334,245.61943333333335,244.09723333333332,250.54723333333334,252.06943333333336,235.1833333333333,260.98333333333335,,,0.0,0.0,0.0,13,50
2019-08-21 13:55:00,242.05,242.75,242.0,242.65,354307,2019-08-21,2019,244.26666666666668,241.63333333333333,250.7166666666667,254.53333333333336,251.9,245.45,251.6,246.9,248.08333333333334,245.61943333333335,244.09723333333332,250.54723333333334,252.06943333333336,235.1833333333333,260.98333333333335,,,0.0,0.0,0.0,13,55
2019-08-21 14:00:00,242.65,243.2,242.45,243.15,180192,2019-08-21,2019,244.26666666666668,241.63333333333333,250.7166666666667,254.53333333333336,251.9,245.45,251.6,246.9,248.08333333333334,245.61943333333335,244.09723333333332,250.54723333333334,252.06943333333336,235.1833333333333,260.98333333333335,,,0.0,0.0,0.0,14,0
2019-08-21 14:05:00,243.05,243.15,242.75,243.05,161459,2019-08-21,2019,244.26666666666668,241.63333333333333,250.7166666666667,254.53333333333336,251.9,245.45,251.6,246.9,248.08333333333334,245.61943333333335,244.09723333333332,250.54723333333334,252.06943333333336,235.1833333333333,260.98333333333335,,,0.0,0.0,0.0,14,5
2019-08-21 14:10:00,243.05,243.2,243.0,243.05,128133,2019-08-21,2019,244.26666666666668,241.63333333333333,250.7166666666667,254.53333333333336,251.9,245.45,251.6,246.9,248.08333333333334,245.61943333333335,244.09723333333332,250.54723333333334,252.06943333333336,235.1833333333333,260.98333333333335,,,0.0,0.0,0.0,14,10
2019-08-21 14:15:00,243.05,243.25,243.0,243.0,137949,2019-08-21,2019,244.26666666666668,241.63333333333333,250.7166666666667,254.53333333333336,251.9,245.45,251.6,246.9,248.08333333333334,245.61943333333335,244.09723333333332,250.54723333333334,252.06943333333336,235.1833333333333,260.98333333333335,,,0.0,0.0,0.0,14,15
2019-08-21 14:20:00,243.0,243.1,242.9,243.0,86022,2019-08-21,2019,244.26666666666668,241.63333333333333,250.7166666666667,254.53333333333336,251.9,245.45,251.6,246.9,248.08333333333334,245.61943333333335,244.09723333333332,250.54723333333334,252.06943333333336,235.1833333333333,260.98333333333335,,,0.0,0.0,0.0,14,20
2019-08-21 14:25:00,243.05,243.1,242.9,243.0,83032,2019-08-21,2019,244.26666666666668,241.63333333333333,250.7166666666667,254.53333333333336,251.9,245.45,251.6,246.9,248.08333333333334,245.61943333333335,244.09723333333332,250.54723333333334,252.06943333333336,235.1833333333333,260.98333333333335,,,0.0,0.0,0.0,14,25
2019-08-21 14:30:00,243.05,243.1,242.6,243.0,312301,2019-08-21,2019,244.26666666666668,241.63333333333333,250.7166666666667,254.53333333333336,251.9,245.45,251.6,246.9,248.08333333333334,245.61943333333335,244.09723333333332,250.54723333333334,252.06943333333336,235.1833333333333,260.98333333333335,,,0.0,0.0,0.0,14,30
2019-08-21 14:35:00,242.95,243.0,242.35,242.45,180851,2019-08-21,2019,244.26666666666668,241.63333333333333,250.7166666666667,254.53333333333336,251.9,245.45,251.6,246.9,248.08333333333334,245.61943333333335,244.09723333333332,250.54723333333334,252.06943333333336,235.1833333333333,260.98333333333335,,,0.0,0.0,0.0,14,35
2019-08-21 14:40:00,242.4,242.5,242.2,242.2,123227,2019-08-21,2019,244.26666666666668,241.63333333333333,250.7166666666667,254.53333333333336,251.9,245.45,251.6,246.9,248.08333333333334,245.61943333333335,244.09723333333332,250.54723333333334,252.06943333333336,235.1833333333333,260.98333333333335,,,0.0,0.0,0.0,14,40
2019-08-21 14:45:00,242.25,242.55,242.15,242.5,109212,2019-08-21,2019,244.26666666666668,241.63333333333333,250.7166666666667,254.53333333333336,251.9,245.45,251.6,246.9,248.08333333333334,245.61943333333335,244.09723333333332,250.54723333333334,252.06943333333336,235.1833333333333,260.98333333333335,,,0.0,0.0,0.0,14,45
2019-08-21 14:50:00,242.5,242.65,242.25,242.45,97755,2019-08-21,2019,244.26666666666668,241.63333333333333,250.7166666666667,254.53333333333336,251.9,245.45,251.6,246.9,248.08333333333334,245.61943333333335,244.09723333333332,250.54723333333334,252.06943333333336,235.1833333333333,260.98333333333335,,,0.0,0.0,0.0,14,50
2019-08-21 14:55:00,242.45,242.5,242.1,242.2,108887,2019-08-21,2019,244.26666666666668,241.63333333333333,250.7166666666667,254.53333333333336,251.9,245.45,251.6,246.9,248.08333333333334,245.61943333333335,244.09723333333332,250.54723333333334,252.06943333333336,235.1833333333333,260.98333333333335,,,0.0,0.0,0.0,14,55
2019-08-21 15:00:00,242.1,242.55,241.75,241.95,509438,2019-08-21,2019,244.26666666666668,241.63333333333333,250.7166666666667,254.53333333333336,251.9,245.45,251.6,246.9,248.08333333333334,245.61943333333335,244.09723333333332,250.54723333333334,252.06943333333336,235.1833333333333,260.98333333333335,,,0.0,0.0,0.0,15,0
2019-08-21 15:05:00,241.9,242.2,240.9,241.15,863462,2019-08-21,2019,244.26666666666668,241.63333333333333,250.7166666666667,254.53333333333336,251.9,245.45,251.6,246.9,248.08333333333334,245.61943333333335,244.09723333333332,250.54723333333334,252.06943333333336,235.1833333333333,260.98333333333335,,,0.0,0.0,0.0,15,5
2019-08-21 15:10:00,241.15,241.5,240.85,241.0,578157,2019-08-21,2019,244.26666666666668,241.63333333333333,250.7166666666667,254.53333333333336,251.9,245.45,251.6,246.9,248.08333333333334,245.61943333333335,244.09723333333332,250.54723333333334,252.06943333333336,235.1833333333333,260.98333333333335,,,0.0,0.0,0.0,15,10
2019-08-21 15:15:00,240.9,241.45,240.85,241.25,520949,2019-08-21,2019,244.26666666666668,241.63333333333333,250.7166666666667,254.53333333333336,251.9,245.45,251.6,246.9,248.08333333333334,245.61943333333335,244.09723333333332,250.54723333333334,252.06943333333336,235.1833333333333,260.98333333333335,,,0.0,0.0,0.0,15,15
2019-08-21 15:20:00,241.35,241.35,240.9,241.25,457675,2019-08-21,2019,244.26666666666668,241.63333333333333,250.7166666666667,254.53333333333336,251.9,245.45,251.6,246.9,248.08333333333334,245.61943333333335,244.09723333333332,250.54723333333334,252.06943333333336,235.1833333333333,260.98333333333335,Exit,Buy,241.25,0.0,0.0,15,20
2019-08-21 15:25:00,241.15,242.45,241.1,242.3,378867,2019-08-21,2019,244.26666666666668,241.63333333333333,250.7166666666667,254.53333333333336,251.9,245.45,251.6,246.9,248.08333333333334,245.61943333333335,244.09723333333332,250.54723333333334,252.06943333333336,235.1833333333333,260.98333333333335,,,0.0,0.0,0.0,15,25
2019-08-22 09:15:00,242.2,243.7,242.2,243.45,294067,2019-08-22,2019,239.79999999999998,237.29999999999998,245.85,249.4,246.9,240.85,246.7,242.3,243.35,241.03889999999998,239.6111,245.6611,247.0889,231.24999999999997,255.45000000000002,,,0.0,0.0,0.0,9,15
2019-08-22 09:20:00,243.45,244.75,243.4,244.6,292863,2019-08-22,2019,239.79999999999998,237.29999999999998,245.85,249.4,246.9,240.85,246.7,242.3,243.35,241.03889999999998,239.6111,245.6611,247.0889,231.24999999999997,255.45000000000002,Entry,Buy,244.6,245.85,242.2,9,20
2019-08-22 09:25:00,244.6,245.5,244.3,245.35,259059,2019-08-22,2019,239.79999999999998,237.29999999999998,245.85,249.4,246.9,240.85,246.7,242.3,243.35,241.03889999999998,239.6111,245.6611,247.0889,231.24999999999997,255.45000000000002,,,0.0,0.0,0.0,9,25
2019-08-22 09:30:00,245.3,245.4,244.4,245.15,174774,2019-08-22,2019,239.79999999999998,237.29999999999998,245.85,249.4,246.9,240.85,246.7,242.3,243.35,241.03889999999998,239.6111,245.6611,247.0889,231.24999999999997,255.45000000000002,,,0.0,0.0,0.0,9,30
2019-08-22 09:35:00,245.2,245.5,244.85,245.45,189823,2019-08-22,2019,239.79999999999998,237.29999999999998,245.85,249.4,246.9,240.85,246.7,242.3,243.35,241.03889999999998,239.6111,245.6611,247.0889,231.24999999999997,255.45000000000002,,,0.0,0.0,0.0,9,35
2019-08-22 09:40:00,245.5,245.5,244.95,245.0,119339,2019-08-22,2019,239.79999999999998,237.29999999999998,245.85,249.4,246.9,240.85,246.7,242.3,243.35,241.03889999999998,239.6111,245.6611,247.0889,231.24999999999997,255.45000000000002,,,0.0,0.0,0.0,9,40
2019-08-22 09:45:00,245.0,245.1,244.5,244.9,83643,2019-08-22,2019,239.79999999999998,237.29999999999998,245.85,249.4,246.9,240.85,246.7,242.3,243.35,241.03889999999998,239.6111,245.6611,247.0889,231.24999999999997,255.45000000000002,,,0.0,0.0,0.0,9,45
2019-08-22 09:50:00,244.9,245.25,244.8,245.05,111955,2019-08-22,2019,239.79999999999998,237.29999999999998,245.85,249.4,246.9,240.85,246.7,242.3,243.35,241.03889999999998,239.6111,245.6611,247.0889,231.24999999999997,255.45000000000002,,,0.0,0.0,0.0,9,50
2019-08-22 09:55:00,245.05,245.25,244.75,245.0,142210,2019-08-22,2019,239.79999999999998,237.29999999999998,245.85,249.4,246.9,240.85,246.7,242.3,243.35,241.03889999999998,239.6111,245.6611,247.0889,231.24999999999997,255.45000000000002,,,0.0,0.0,0.0,9,55
2019-08-22 10:00:00,244.95,245.6,244.9,245.55,138831,2019-08-22,2019,239.79999999999998,237.29999999999998,245.85,249.4,246.9,240.85,246.7,242.3,243.35,241.03889999999998,239.6111,245.6611,247.0889,231.24999999999997,255.45000000000002,,,0.0,0.0,0.0,10,0
2019-08-22 10:05:00,245.6,245.9,245.25,245.9,183890,2019-08-22,2019,239.79999999999998,237.29999999999998,245.85,249.4,246.9,240.85,246.7,242.3,243.35,241.03889999999998,239.6111,245.6611,247.0889,231.24999999999997,255.45000000000002,Exit,Sell,245.85,0.0,0.0,10,5
2019-08-22 10:10:00,245.9,246.0,245.7,246.0,120291,2019-08-22,2019,239.79999999999998,237.29999999999998,245.85,249.4,246.9,240.85,246.7,242.3,243.35,241.03889999999998,239.6111,245.6611,247.0889,231.24999999999997,255.45000000000002,,,0.0,0.0,0.0,10,10
2019-08-22 10:15:00,246.0,246.0,245.5,245.6,113028,2019-08-22,2019,239.79999999999998,237.29999999999998,245.85,249.4,246.9,240.85,246.7,242.3,243.35,241.03889999999998,239.6111,245.6611,247.0889,231.24999999999997,255.45000000000002,,,0.0,0.0,0.0,10,15
2019-08-22 10:20:00,245.6,245.8,245.55,245.8,69739,2019-08-22,2019,239.79999999999998,237.29999999999998,245.85,249.4,246.9,240.85,246.7,242.3,243.35,241.03889999999998,239.6111,245.6611,247.0889,231.24999999999997,255.45000000000002,,,0.0,0.0,0.0,10,20
2019-08-22 10:25:00,245.8,245.9,244.55,244.6,283280,2019-08-22,2019,239.79999999999998,237.29999999999998,245.85,249.4,246.9,240.85,246.7,242.3,243.35,241.03889999999998,239.6111,245.6611,247.0889,231.24999999999997,255.45000000000002,,,0.0,0.0,0.0,10,25
2019-08-22 10:30:00,244.6,244.85,244.35,244.55,163832,2019-08-22,2019,239.79999999999998,237.29999999999998,245.85,249.4,246.9,240.85,246.7,242.3,243.35,241.03889999999998,239.6111,245.6611,247.0889,231.24999999999997,255.45000000000002,,,0.0,0.0,0.0,10,30
2019-08-22 10:35:00,244.55,244.6,243.3,243.55,326501,2019-08-22,2019,239.79999999999998,237.29999999999998,245.85,249.4,246.9,240.85,246.7,242.3,243.35,241.03889999999998,239.6111,245.6611,247.0889,231.24999999999997,255.45000000000002,,,0.0,0.0,0.0,10,35
2019-08-22 10:40:00,243.55,244.1,243.45,244.1,97955,2019-08-22,2019,239.79999999999998,237.29999999999998,245.85,249.4,246.9,240.85,246.7,242.3,243.35,241.03889999999998,239.6111,245.6611,247.0889,231.24999999999997,255.45000000000002,,,0.0,0.0,0.0,10,40
2019-08-22 10:45:00,244.1,244.5,244.05,244.35,73833,2019-08-22,2019,239.79999999999998,237.29999999999998,245.85,249.4,246.9,240.85,246.7,242.3,243.35,241.03889999999998,239.6111,245.6611,247.0889,231.24999999999997,255.45000000000002,,,0.0,0.0,0.0,10,45
2019-08-22 10:50:00,244.35,244.7,244.35,244.4,58313,2019-08-22,2019,239.79999999999998,237.29999999999998,245.85,249.4,246.9,240.85,246.7,242.3,243.35,241.03889999999998,239.6111,245.6611,247.0889,231.24999999999997,255.45000000000002,,,0.0,0.0,0.0,10,50
2019-08-22 10:55:00,244.4,244.75,244.3,244.7,55532,2019-08-22,2019,239.79999999999998,237.29999999999998,245.85,249.4,246.9,240.85,246.7,242.3,243.35,241.03889999999998,239.6111,245.6611,247.0889,231.24999999999997,255.45000000000002,,,0.0,0.0,0.0,10,55
2019-08-22 11:00:00,244.7,244.7,244.1,244.2,64108,2019-08-22,2019,239.79999999999998,237.29999999999998,245.85,249.4,246.9,240.85,246.7,242.3,243.35,241.03889999999998,239.6111,245.6611,247.0889,231.24999999999997,255.45000000000002,,,0.0,0.0,0.0,11,0
2019-08-22 11:05:00,244.2,244.25,243.1,243.15,165086,2019-08-22,2019,239.79999999999998,237.29999999999998,245.85,249.4,246.9,240.85,246.7,242.3,243.35,241.03889999999998,239.6111,245.6611,247.0889,231.24999999999997,255.45000000000002,,,0.0,0.0,0.0,11,5
2019-08-22 11:10:00,243.1,243.4,242.5,242.85,194305,2019-08-22,2019,239.79999999999998,237.29999999999998,245.85,249.4,246.9,240.85,246.7,242.3,243.35,241.03889999999998,239.6111,245.6611,247.0889,231.24999999999997,255.45000000000002,,,0.0,0.0,0.0,11,10
2019-08-22 11:15:00,242.95,243.45,242.7,242.7,86869,2019-08-22,2019,239.79999999999998,237.29999999999998,245.85,249.4,246.9,240.85,246.7,242.3,243.35,241.03889999999998,239.6111,245.6611,247.0889,231.24999999999997,255.45000000000002,,,0.0,0.0,0.0,11,15
2019-08-22 11:20:00,242.8,242.85,242.3,242.65,104529,2019-08-22,2019,239.79999999999998,237.29999999999998,245.85,249.4,246.9,240.85,246.7,242.3,243.35,241.03889999999998,239.6111,245.6611,247.0889,231.24999999999997,255.45000000000002,,,0.0,0.0,0.0,11,20
2019-08-22 11:25:00,242.65,242.9,242.3,242.4,89669,2019-08-22,2019,239.79999999999998,237.29999999999998,245.85,249.4,246.9,240.85,246.7,242.3,243.35,241.03889999999998,239.6111,245.6611,247.0889,231.24999999999997,255.45000000000002,,,0.0,0.0,0.0,11,25
2019-08-22 11:30:00,242.45,242.55,241.8,242.35,160531,2019-08-22,2019,239.79999999999998,237.29999999999998,245.85,249.4,246.9,240.85,246.7,242.3,243.35,241.03889999999998,239.6111,245.6611,247.0889,231.24999999999997,255.45000000000002,Entry,Sell,242.2,240.88889999999998,246.0,11,30
2019-08-22 11:35:00,242.35,243.0,242.35,242.9,71119,2019-08-22,2019,239.79999999999998,237.29999999999998,245.85,249.4,246.9,240.85,246.7,242.3,243.35,241.03889999999998,239.6111,245.6611,247.0889,231.24999999999997,255.45000000000002,,,0.0,0.0,0.0,11,35
2019-08-22 11:40:00,242.85,243.45,242.85,243.35,57379,2019-08-22,2019,239.79999999999998,237.29999999999998,245.85,249.4,246.9,240.85,246.7,242.3,243.35,241.03889999999998,239.6111,245.6611,247.0889,231.24999999999997,255.45000000000002,,,0.0,0.0,0.0,11,40
2019-08-22 11:45:00,243.25,243.65,243.25,243.5,83478,2019-08-22,2019,239.79999999999998,237.29999999999998,245.85,249.4,246.9,240.85,246.7,242.3,243.35,241.03889999999998,239.6111,245.6611,247.0889,231.24999999999997,255.45000000000002,,,0.0,0.0,0.0,11,45
2019-08-22 11:50:00,243.5,243.65,243.25,243.5,87522,2019-08-22,2019,239.79999999999998,237.29999999999998,245.85,249.4,246.9,240.85,246.7,242.3,243.35,241.03889999999998,239.6111,245.6611,247.0889,231.24999999999997,255.45000000000002,,,0.0,0.0,0.0,11,50
2019-08-22 11:55:00,243.45,243.55,242.5,242.75,104866,2019-08-22,2019,239.79999999999998,237.29999999999998,245.85,249.4,246.9,240.85,246.7,242.3,243.35,241.03889999999998,239.6111,245.6611,247.0889,231.24999999999997,255.45000000000002,,,0.0,0.0,0.0,11,55
2019-08-22 12:00:00,242.65,243.0,242.55,242.75,82253,2019-08-22,2019,239.79999999999998,237.29999999999998,245.85,249.4,246.9,240.85,246.7,242.3,243.35,241.03889999999998,239.6111,245.6611,247.0889,231.24999999999997,255.45000000000002,,,0.0,0.0,0.0,12,0
2019-08-22 12:05:00,242.75,243.2,242.7,243.1,58222,2019-08-22,2019,239.79999999999998,237.29999999999998,245.85,249.4,246.9,240.85,246.7,242.3,243.35,241.03889999999998,239.6111,245.6611,247.0889,231.24999999999997,255.45000000000002,,,0.0,0.0,0.0,12,5
2019-08-22 12:10:00,243.05,243.35,243.0,243.1,58808,2019-08-22,2019,239.79999999999998,237.29999999999998,245.85,249.4,246.9,240.85,246.7,242.3,243.35,241.03889999999998,239.6111,245.6611,247.0889,231.24999999999997,255.45000000000002,,,0.0,0.0,0.0,12,10
2019-08-22 12:15:00,243.15,243.25,243.0,243.15,48282,2019-08-22,2019,239.79999999999998,237.29999999999998,245.85,249.4,246.9,240.85,246.7,242.3,243.35,241.03889999999998,239.6111,245.6611,247.0889,231.24999999999997,255.45000000000002,,,0.0,0.0,0.0,12,15
2019-08-22 12:20:00,243.15,243.35,243.05,243.35,54300,2019-08-22,2019,239.79999999999998,237.29999999999998,245.85,249.4,246.9,240.85,246.7,242.3,243.35,241.03889999999998,239.6111,245.6611,247.0889,231.24999999999997,255.45000000000002,,,0.0,0.0,0.0,12,20
2019-08-22 12:25:00,243.35,243.6,243.25,243.4,87370,2019-08-22,2019,239.79999999999998,237.29999999999998,245.85,249.4,246.9,240.85,246.7,242.3,243.35,241.03889999999998,239.6111,245.6611,247.0889,231.24999999999997,255.45000000000002,,,0.0,0.0,0.0,12,25
2019-08-22 12:30:00,243.4,243.6,243.3,243.35,62405,2019-08-22,2019,239.79999999999998,237.29999999999998,245.85,249.4,246.9,240.85,246.7,242.3,243.35,241.03889999999998,239.6111,245.6611,247.0889,231.24999999999997,255.45000000000002,,,0.0,0.0,0.0,12,30
2019-08-22 12:35:00,243.4,243.65,243.3,243.6,66809,2019-08-22,2019,239.79999999999998,237.29999999999998,245.85,249.4,246.9,240.85,246.7,242.3,243.35,241.03889999999998,239.6111,245.6611,247.0889,231.24999999999997,255.45000000000002,,,0.0,0.0,0.0,12,35
2019-08-22 12:40:00,243.6,243.65,243.45,243.65,61907,2019-08-22,2019,239.79999999999998,237.29999999999998,245.85,249.4,246.9,240.85,246.7,242.3,243.35,241.03889999999998,239.6111,245.6611,247.0889,231.24999999999997,255.45000000000002,,,0.0,0.0,0.0,12,40
2019-08-22 12:45:00,243.65,243.85,243.55,243.75,73110,2019-08-22,2019,239.79999999999998,237.29999999999998,245.85,249.4,246.9,240.85,246.7,242.3,243.35,241.03889999999998,239.6111,245.6611,247.0889,231.24999999999997,255.45000000000002,,,0.0,0.0,0.0,12,45
2019-08-22 12:50:00,243.7,243.9,243.65,243.9,59794,2019-08-22,2019,239.79999999999998,237.29999999999998,245.85,249.4,246.9,240.85,246.7,242.3,243.35,241.03889999999998,239.6111,245.6611,247.0889,231.24999999999997,255.45000000000002,,,0.0,0.0,0.0,12,50
2019-08-22 12:55:00,243.85,244.4,243.75,244.15,92195,2019-08-22,2019,239.79999999999998,237.29999999999998,245.85,249.4,246.9,240.85,246.7,242.3,243.35,241.03889999999998,239.6111,245.6611,247.0889,231.24999999999997,255.45000000000002,,,0.0,0.0,0.0,12,55
2019-08-22 13:00:00,244.15,244.35,244.05,244.3,114078,2019-08-22,2019,239.79999999999998,237.29999999999998,245.85,249.4,246.9,240.85,246.7,242.3,243.35,241.03889999999998,239.6111,245.6611,247.0889,231.24999999999997,255.45000000000002,,,0.0,0.0,0.0,13,0
2019-08-22 13:05:00,244.25,244.5,244.0,244.3,142202,2019-08-22,2019,239.79999999999998,237.29999999999998,245.85,249.4,246.9,240.85,246.7,242.3,243.35,241.03889999999998,239.6111,245.6611,247.0889,231.24999999999997,255.45000000000002,,,0.0,0.0,0.0,13,5
2019-08-22 13:10:00,244.3,244.45,243.5,243.55,96181,2019-08-22,2019,239.79999999999998,237.29999999999998,245.85,249.4,246.9,240.85,246.7,242.3,243.35,241.03889999999998,239.6111,245.6611,247.0889,231.24999999999997,255.45000000000002,,,0.0,0.0,0.0,13,10
2019-08-22 13:15:00,243.55,243.95,243.55,243.85,37780,2019-08-22,2019,239.79999999999998,237.29999999999998,245.85,249.4,246.9,240.85,246.7,242.3,243.35,241.03889999999998,239.6111,245.6611,247.0889,231.24999999999997,255.45000000000002,,,0.0,0.0,0.0,13,15
2019-08-22 13:20:00,243.8,243.95,243.55,243.6,37590,2019-08-22,2019,239.79999999999998,237.29999999999998,245.85,249.4,246.9,240.85,246.7,242.3,243.35,241.03889999999998,239.6111,245.6611,247.0889,231.24999999999997,255.45000000000002,,,0.0,0.0,0.0,13,20
2019-08-22 13:25:00,243.6,243.8,243.55,243.8,34694,2019-08-22,2019,239.79999999999998,237.29999999999998,245.85,249.4,246.9,240.85,246.7,242.3,243.35,241.03889999999998,239.6111,245.6611,247.0889,231.24999999999997,255.45000000000002,,,0.0,0.0,0.0,13,25
2019-08-22 13:30:00,243.7,243.9,243.5,243.55,57855,2019-08-22,2019,239.79999999999998,237.29999999999998,245.85,249.4,246.9,240.85,246.7,242.3,243.35,241.03889999999998,239.6111,245.6611,247.0889,231.24999999999997,255.45000000000002,,,0.0,0.0,0.0,13,30
2019-08-22 13:35:00,243.55,243.65,242.25,242.45,181312,2019-08-22,2019,239.79999999999998,237.29999999999998,245.85,249.4,246.9,240.85,246.7,242.3,243.35,241.03889999999998,239.6111,245.6611,247.0889,231.24999999999997,255.45000000000002,,,0.0,0.0,0.0,13,35
2019-08-22 13:40:00,242.45,242.75,242.4,242.45,55284,2019-08-22,2019,239.79999999999998,237.29999999999998,245.85,249.4,246.9,240.85,246.7,242.3,243.35,241.03889999999998,239.6111,245.6611,247.0889,231.24999999999997,255.45000000000002,,,0.0,0.0,0.0,13,40
2019-08-22 13:45:00,242.45,242.6,241.6,242.35,230052,2019-08-22,2019,239.79999999999998,237.29999999999998,245.85,249.4,246.9,240.85,246.7,242.3,243.35,241.03889999999998,239.6111,245.6611,247.0889,231.24999999999997,255.45000000000002,,,0.0,0.0,0.0,13,45
2019-08-22 13:50:00,242.3,242.4,241.85,242.15,257202,2019-08-22,2019,239.79999999999998,237.29999999999998,245.85,249.4,246.9,240.85,246.7,242.3,243.35,241.03889999999998,239.6111,245.6611,247.0889,231.24999999999997,255.45000000000002,,,0.0,0.0,0.0,13,50
2019-08-22 13:55:00,242.25,242.25,241.7,241.85,90602,2019-08-22,2019,239.79999999999998,237.29999999999998,245.85,249.4,246.9,240.85,246.7,242.3,243.35,241.03889999999998,239.6111,245.6611,247.0889,231.24999999999997,255.45000000000002,,,0.0,0.0,0.0,13,55
2019-08-22 14:00:00,241.9,242.1,240.2,240.45,325028,2019-08-22,2019,239.79999999999998,237.29999999999998,245.85,249.4,246.9,240.85,246.7,242.3,243.35,241.03889999999998,239.6111,245.6611,247.0889,231.24999999999997,255.45000000000002,Exit,Buy,240.88889999999998,0.0,0.0,14,0
2019-08-22 14:05:00,240.6,240.6,239.0,239.55,500736,2019-08-22,2019,239.79999999999998,237.29999999999998,245.85,249.4,246.9,240.85,246.7,242.3,243.35,241.03889999999998,239.6111,245.6611,247.0889,231.24999999999997,255.45000000000002,,,0.0,0.0,0.0,14,5
2019-08-22 14:10:00,239.5,240.5,239.3,240.45,188488,2019-08-22,2019,239.79999999999998,237.29999999999998,245.85,249.4,246.9,240.85,246.7,242.3,243.35,241.03889999999998,239.6111,245.6611,247.0889,231.24999999999997,255.45000000000002,,,0.0,0.0,0.0,14,10
2019-08-22 14:15:00,240.4,241.7,240.25,241.4,276449,2019-08-22,2019,239.79999999999998,237.29999999999998,245.85,249.4,246.9,240.85,246.7,242.3,243.35,241.03889999999998,239.6111,245.6611,247.0889,231.24999999999997,255.45000000000002,,,0.0,0.0,0.0,14,15
2019-08-22 14:20:00,241.4,241.6,241.1,241.3,88841,2019-08-22,2019,239.79999999999998,237.29999999999998,245.85,249.4,246.9,240.85,246.7,242.3,243.35,241.03889999999998,239.6111,245.6611,247.0889,231.24999999999997,255.45000000000002,,,0.0,0.0,0.0,14,20
2019-08-22 14:25:00,241.25,241.3,240.85,241.2,53925,2019-08-22,2019,239.79999999999998,237.29999999999998,245.85,249.4,246.9,240.85,246.7,242.3,243.35,241.03889999999998,239.6111,245.6611,247.0889,231.24999999999997,255.45000000000002,,,0.0,0.0,0.0,14,25
2019-08-22 14:30:00,241.25,241.3,240.55,240.8,52466,2019-08-22,2019,239.79999999999998,237.29999999999998,245.85,249.4,246.9,240.85,246.7,242.3,243.35,241.03889999999998,239.6111,245.6611,247.0889,231.24999999999997,255.45000000000002,,,0.0,0.0,0.0,14,30
2019-08-22 14:35:00,240.75,241.15,240.6,241.15,85784,2019-08-22,2019,239.79999999999998,237.29999999999998,245.85,249.4,246.9,240.85,246.7,242.3,243.35,241.03889999999998,239.6111,245.6611,247.0889,231.24999999999997,255.45000000000002,,,0.0,0.0,0.0,14,35
2019-08-22 14:40:00,241.1,241.6,241.0,241.45,103680,2019-08-22,2019,239.79999999999998,237.29999999999998,245.85,249.4,246.9,240.85,246.7,242.3,243.35,241.03889999999998,239.6111,245.6611,247.0889,231.24999999999997,255.45000000000002,,,0.0,0.0,0.0,14,40
2019-08-22 14:45:00,241.45,241.7,241.0,241.2,140523,2019-08-22,2019,239.79999999999998,237.29999999999998,245.85,249.4,246.9,240.85,246.7,242.3,243.35,241.03889999999998,239.6111,245.6611,247.0889,231.24999999999997,255.45000000000002,,,0.0,0.0,0.0,14,45
2019-08-22 14:50:00,241.05,241.65,241.05,241.5,112491,2019-08-22,2019,239.79999999999998,237.29999999999998,245.85,249.4,246.9,240.85,246.7,242.3,243.35,241.03889999999998,239.6111,245.6611,247.0889,231.24999999999997,255.45000000000002,,,0.0,0.0,0.0,14,50
2019-08-22 14:55:00,241.5,241.55,240.95,241.0,118406,2019-08-22,2019,239.79999999999998,237.29999999999998,245.85,249.4,246.9,240.85,246.7,242.3,243.35,241.03889999999998,239.6111,245.6611,247.0889,231.24999999999997,255.45000000000002,,,0.0,0.0,0.0,14,55
2019-08-22 15:00:00,241.0,241.05,240.15,240.5,232412,2019-08-22,2019,239.79999999999998,237.29999999999998,245.85,249.4,246.9,240.85,246.7,242.3,243.35,241.03889999999998,239.6111,245.6611,247.0889,231.24999999999997,255.45000000000002,,,0.0,0.0,0.0,15,0
2019-08-22 15:05:00,240.5,240.55,240.0,240.15,316435,2019-08-22,2019,239.79999999999998,237.29999999999998,245.85,249.4,246.9,240.85,246.7,242.3,243.35,241.03889999999998,239.6111,245.6611,247.0889,231.24999999999997,255.45000000000002,,,0.0,0.0,0.0,15,5
2019-08-22 15:10:00,240.2,240.5,239.6,240.35,309298,2019-08-22,2019,239.79999999999998,237.29999999999998,245.85,249.4,246.9,240.85,246.7,242.3,243.35,241.03889999999998,239.6111,245.6611,247.0889,231.24999999999997,255.45000000000002,,,0.0,0.0,0.0,15,10
2019-08-22 15:15:00,240.4,240.55,239.7,240.0,315543,2019-08-22,2019,239.79999999999998,237.29999999999998,245.85,249.4,246.9,240.85,246.7,242.3,243.35,241.03889999999998,239.6111,245.6611,247.0889,231.24999999999997,255.45000000000002,,,0.0,0.0,0.0,15,15
2019-08-22 15:20:00,239.85,240.05,239.35,239.55,236905,2019-08-22,2019,239.79999999999998,237.29999999999998,245.85,249.4,246.9,240.85,246.7,242.3,243.35,241.03889999999998,239.6111,245.6611,247.0889,231.24999999999997,255.45000000000002,,,0.0,0.0,0.0,15,20
2019-08-22 15:25:00,239.55,240.3,239.4,240.0,266846,2019-08-22,2019,239.79999999999998,237.29999999999998,245.85,249.4,246.9,240.85,246.7,242.3,243.35,241.03889999999998,239.6111,245.6611,247.0889,231.24999999999997,255.45000000000002,,,0.0,0.0,0.0,15,25
2019-08-23 09:15:00,239.0,239.35,237.7,237.75,368678,2019-08-23,2019,237.33333333333331,234.66666666666666,244.33333333333331,248.66666666666666,246.0,239.0,242.2,240.0,241.66666666666666,238.99266666666665,237.34066666666666,244.34066666666666,245.99266666666665,227.66666666666666,255.66666666666666,,,0.0,0.0,0.0,9,15
2019-08-23 09:20:00,237.75,238.2,237.35,238.1,190415,2019-08-23,2019,237.33333333333331,234.66666666666666,244.33333333333331,248.66666666666666,246.0,239.0,242.2,240.0,241.66666666666666,238.99266666666665,237.34066666666666,244.34066666666666,245.99266666666665,227.66666666666666,255.66666666666666,,,0.0,0.0,0.0,9,20
2019-08-23 09:25:00,238.1,238.25,237.1,237.2,156183,2019-08-23,2019,237.33333333333331,234.66666666666666,244.33333333333331,248.66666666666666,246.0,239.0,242.2,240.0,241.66666666666666,238.99266666666665,237.34066666666666,244.34066666666666,245.99266666666665,227.66666666666666,255.66666666666666,Entry,Sell,237.2,234.66666666666666,239.35,9,25
2019-08-23 09:30:00,237.2,237.2,236.0,236.4,353316,2019-08-23,2019,237.33333333333331,234.66666666666666,244.33333333333331,248.66666666666666,246.0,239.0,242.2,240.0,241.66666666666666,238.99266666666665,237.34066666666666,244.34066666666666,245.99266666666665,227.66666666666666,255.66666666666666,,,0.0,0.0,0.0,9,30
2019-08-23 09:35:00,236.4,236.5,235.1,235.15,210530,2019-08-23,2019,237.33333333333331,234.66666666666666,244.33333333333331,248.66666666666666,246.0,239.0,242.2,240.0,241.66666666666666,238.99266666666665,237.34066666666666,244.34066666666666,245.99266666666665,227.66666666666666,255.66666666666666,Exit,Buy,236.01399999999998,238.1973333333333,236.0,9,35
2019-08-23 09:40:00,235.15,235.85,235.0,235.5,356688,2019-08-23,2019,237.33333333333331,234.66666666666666,244.33333333333331,248.66666666666666,246.0,239.0,242.2,240.0,241.66666666666666,238.99266666666665,237.34066666666666,244.34066666666666,245.99266666666665,227.66666666666666,255.66666666666666,Exit,Sell,236.0,228.16666666666666,239.35,9,40
2019-08-23 09:45:00,235.35,235.95,235.3,235.8,187506,2019-08-23,2019,237.33333333333331,234.66666666666666,244.33333333333331,248.66666666666666,246.0,239.0,242.2,240.0,241.66666666666666,238.99266666666665,237.34066666666666,244.34066666666666,245.99266666666665,227.66666666666666,255.66666666666666,,,0.0,0.0,0.0,9,45
2019-08-23 09:50:00,235.9,236.95,235.8,236.8,240233,2019-08-23,2019,237.33333333333331,234.66666666666666,244.33333333333331,248.66666666666666,246.0,239.0,242.2,240.0,241.66666666666666,238.99266666666665,237.34066666666666,244.34066666666666,245.99266666666665,227.66666666666666,255.66666666666666,,,0.0,0.0,0.0,9,50
2019-08-23 09:55:00,236.95,237.0,236.15,236.75,183533,2019-08-23,2019,237.33333333333331,234.66666666666666,244.33333333333331,248.66666666666666,246.0,239.0,242.2,240.0,241.66666666666666,238.99266666666665,237.34066666666666,244.34066666666666,245.99266666666665,227.66666666666666,255.66666666666666,,,0.0,0.0,0.0,9,55
2019-08-23 10:00:00,236.7,236.95,236.1,236.3,179780,2019-08-23,2019,237.33333333333331,234.66666666666666,244.33333333333331,248.66666666666666,246.0,239.0,242.2,240.0,241.66666666666666,238.99266666666665,237.34066666666666,244.34066666666666,245.99266666666665,227.66666666666666,255.66666666666666,,,0.0,0.0,0.0,10,0
2019-08-23 10:05:00,236.3,236.95,236.25,236.7,169137,2019-08-23,2019,237.33333333333331,234.66666666666666,244.33333333333331,248.66666666666666,246.0,239.0,242.2,240.0,241.66666666666666,238.99266666666665,237.34066666666666,244.34066666666666,245.99266666666665,227.66666666666666,255.66666666666666,,,0.0,0.0,0.0,10,5
2019-08-23 10:10:00,236.7,236.75,236.4,236.6,146243,2019-08-23,2019,237.33333333333331,234.66666666666666,244.33333333333331,248.66666666666666,246.0,239.0,242.2,240.0,241.66666666666666,238.99266666666665,237.34066666666666,244.34066666666666,245.99266666666665,227.66666666666666,255.66666666666666,,,0.0,0.0,0.0,10,10
2019-08-23 10:15:00,236.6,236.95,236.45,236.6,118616,2019-08-23,2019,237.33333333333331,234.66666666666666,244.33333333333331,248.66666666666666,246.0,239.0,242.2,240.0,241.66666666666666,238.99266666666665,237.34066666666666,244.34066666666666,245.99266666666665,227.66666666666666,255.66666666666666,,,0.0,0.0,0.0,10,15
2019-08-23 10:20:00,236.6,236.75,236.45,236.7,85442,2019-08-23,2019,237.33333333333331,234.66666666666666,244.33333333333331,248.66666666666666,246.0,239.0,242.2,240.0,241.66666666666666,238.99266666666665,237.34066666666666,244.34066666666666,245.99266666666665,227.66666666666666,255.66666666666666,,,0.0,0.0,0.0,10,20
2019-08-23 10:25:00,236.7,237.2,236.35,237.0,170227,2019-08-23,2019,237.33333333333331,234.66666666666666,244.33333333333331,248.66666666666666,246.0,239.0,242.2,240.0,241.66666666666666,238.99266666666665,237.34066666666666,244.34066666666666,245.99266666666665,227.66666666666666,255.66666666666666,,,0.0,0.0,0.0,10,25
2019-08-23 10:30:00,237.05,237.6,236.8,237.6,249577,2019-08-23,2019,237.33333333333331,234.66666666666666,244.33333333333331,248.66666666666666,246.0,239.0,242.2,240.0,241.66666666666666,238.99266666666665,237.34066666666666,244.34066666666666,245.99266666666665,227.66666666666666,255.66666666666666,,,0.0,0.0,0.0,10,30
2019-08-23 10:35:00,237.5,237.8,237.2,237.6,259000,2019-08-23,2019,237.33333333333331,234.66666666666666,244.33333333333331,248.66666666666666,246.0,239.0,242.2,240.0,241.66666666666666,238.99266666666665,237.34066666666666,244.34066666666666,245.99266666666665,227.66666666666666,255.66666666666666,,,0.0,0.0,0.0,10,35
2019-08-23 10:40:00,237.7,237.7,237.0,237.5,225861,2019-08-23,2019,237.33333333333331,234.66666666666666,244.33333333333331,248.66666666666666,246.0,239.0,242.2,240.0,241.66666666666666,238.99266666666665,237.34066666666666,244.34066666666666,245.99266666666665,227.66666666666666,255.66666666666666,,,0.0,0.0,0.0,10,40
2019-08-23 10:45:00,237.55,238.3,237.25,238.0,249153,2019-08-23,2019,237.33333333333331,234.66666666666666,244.33333333333331,248.66666666666666,246.0,239.0,242.2,240.0,241.66666666666666,238.99266666666665,237.34066666666666,244.34066666666666,245.99266666666665,227.66666666666666,255.66666666666666,,,0.0,0.0,0.0,10,45
2019-08-23 10:50:00,238.05,238.7,237.75,238.55,188296,2019-08-23,2019,237.33333333333331,234.66666666666666,244.33333333333331,248.66666666666666,246.0,239.0,242.2,240.0,241.66666666666666,238.99266666666665,237.34066666666666,244.34066666666666,245.99266666666665,227.66666666666666,255.66666666666666,,,0.0,0.0,0.0,10,50
2019-08-23 10:55:00,238.55,239.15,238.15,238.35,224961,2019-08-23,2019,237.33333333333331,234.66666666666666,244.33333333333331,248.66666666666666,246.0,239.0,242.2,240.0,241.66666666666666,238.99266666666665,237.34066666666666,244.34066666666666,245.99266666666665,227.66666666666666,255.66666666666666,,,0.0,0.0,0.0,10,55
2019-08-23 11:00:00,238.3,238.8,238.25,238.55,175802,2019-08-23,2019,237.33333333333331,234.66666666666666,244.33333333333331,248.66666666666666,246.0,239.0,242.2,240.0,241.66666666666666,238.99266666666665,237.34066666666666,244.34066666666666,245.99266666666665,227.66666666666666,255.66666666666666,,,0.0,0.0,0.0,11,0
2019-08-23 11:05:00,238.5,238.55,237.3,237.45,169768,2019-08-23,2019,237.33333333333331,234.66666666666666,244.33333333333331,248.66666666666666,246.0,239.0,242.2,240.0,241.66666666666666,238.99266666666665,237.34066666666666,244.34066666666666,245.99266666666665,227.66666666666666,255.66666666666666,,,0.0,0.0,0.0,11,5
2019-08-23 11:10:00,237.4,237.45,236.8,237.3,141726,2019-08-23,2019,237.33333333333331,234.66666666666666,244.33333333333331,248.66666666666666,246.0,239.0,242.2,240.0,241.66666666666666,238.99266666666665,237.34066666666666,244.34066666666666,245.99266666666665,227.66666666666666,255.66666666666666,,,0.0,0.0,0.0,11,10
2019-08-23 11:15:00,237.25,237.4,236.7,236.75,89361,2019-08-23,2019,237.33333333333331,234.66666666666666,244.33333333333331,248.66666666666666,246.0,239.0,242.2,240.0,241.66666666666666,238.99266666666665,237.34066666666666,244.34066666666666,245.99266666666665,227.66666666666666,255.66666666666666,,,0.0,0.0,0.0,11,15
2019-08-23 11:20:00,236.7,236.85,236.55,236.75,114715,2019-08-23,2019,237.33333333333331,234.66666666666666,244.33333333333331,248.66666666666666,246.0,239.0,242.2,240.0,241.66666666666666,238.99266666666665,237.34066666666666,244.34066666666666,245.99266666666665,227.66666666666666,255.66666666666666,,,0.0,0.0,0.0,11,20
2019-08-23 11:25:00,236.7,237.15,236.3,236.55,249575,2019-08-23,2019,237.33333333333331,234.66666666666666,244.33333333333331,248.66666666666666,246.0,239.0,242.2,240.0,241.66666666666666,238.99266666666665,237.34066666666666,244.34066666666666,245.99266666666665,227.66666666666666,255.66666666666666,,,0.0,0.0,0.0,11,25
2019-08-23 11:30:00,236.7,237.05,236.3,236.4,189140,2019-08-23,2019,237.33333333333331,234.66666666666666,244.33333333333331,248.66666666666666,246.0,239.0,242.2,240.0,241.66666666666666,238.99266666666665,237.34066666666666,244.34066666666666,245.99266666666665,227.66666666666666,255.66666666666666,,,0.0,0.0,0.0,11,30
2019-08-23 11:35:00,236.4,237.1,236.15,236.35,240887,2019-08-23,2019,237.33333333333331,234.66666666666666,244.33333333333331,248.66666666666666,246.0,239.0,242.2,240.0,241.66666666666666,238.99266666666665,237.34066666666666,244.34066666666666,245.99266666666665,227.66666666666666,255.66666666666666,,,0.0,0.0,0.0,11,35
2019-08-23 11:40:00,236.5,236.5,235.8,236.35,248035,2019-08-23,2019,237.33333333333331,234.66666666666666,244.33333333333331,248.66666666666666,246.0,239.0,242.2,240.0,241.66666666666666,238.99266666666665,237.34066666666666,244.34066666666666,245.99266666666665,227.66666666666666,255.66666666666666,,,0.0,0.0,0.0,11,40
2019-08-23 11:45:00,236.35,236.4,235.95,236.0,141415,2019-08-23,2019,237.33333333333331,234.66666666666666,244.33333333333331,248.66666666666666,246.0,239.0,242.2,240.0,241.66666666666666,238.99266666666665,237.34066666666666,244.34066666666666,245.99266666666665,227.66666666666666,255.66666666666666,,,0.0,0.0,0.0,11,45
2019-08-23 11:50:00,235.9,236.55,235.9,236.35,135256,2019-08-23,2019,237.33333333333331,234.66666666666666,244.33333333333331,248.66666666666666,246.0,239.0,242.2,240.0,241.66666666666666,238.99266666666665,237.34066666666666,244.34066666666666,245.99266666666665,227.66666666666666,255.66666666666666,,,0.0,0.0,0.0,11,50
2019-08-23 11:55:00,236.4,236.4,235.6,235.65,171424,2019-08-23,2019,237.33333333333331,234.66666666666666,244.33333333333331,248.66666666666666,246.0,239.0,242.2,240.0,241.66666666666666,238.99266666666665,237.34066666666666,244.34066666666666,245.99266666666665,227.66666666666666,255.66666666666666,,,0.0,0.0,0.0,11,55
2019-08-23 12:00:00,235.6,235.75,235.05,235.25,356378,2019-08-23,2019,237.33333333333331,234.66666666666666,244.33333333333331,248.66666666666666,246.0,239.0,242.2,240.0,241.66666666666666,238.99266666666665,237.34066666666666,244.34066666666666,245.99266666666665,227.66666666666666,255.66666666666666,,,0.0,0.0,0.0,12,0
2019-08-23 12:05:00,235.25,235.4,234.65,235.2,418100,2019-08-23,2019,237.33333333333331,234.66666666666666,244.33333333333331,248.66666666666666,246.0,239.0,242.2,240.0,241.66666666666666,238.99266666666665,237.34066666666666,244.34066666666666,245.99266666666665,227.66666666666666,255.66666666666666,,,0.0,0.0,0.0,12,5
2019-08-23 12:10:00,235.1,235.75,235.0,235.55,177077,2019-08-23,2019,237.33333333333331,234.66666666666666,244.33333333333331,248.66666666666666,246.0,239.0,242.2,240.0,241.66666666666666,238.99266666666665,237.34066666666666,244.34066666666666,245.99266666666665,227.66666666666666,255.66666666666666,Exit,Buy,234.82,236.6033333333333,234.65,12,10
2019-08-23 12:15:00,235.45,235.9,235.4,235.85,153864,2019-08-23,2019,237.33333333333331,234.66666666666666,244.33333333333331,248.66666666666666,246.0,239.0,242.2,240.0,241.66666666666666,238.99266666666665,237.34066666666666,244.34066666666666,245.99266666666665,227.66666666666666,255.66666666666666,,,0.0,0.0,0.0,12,15
2019-08-23 12:20:00,235.75,235.85,235.2,235.35,147710,2019-08-23,2019,237.33333333333331,234.66666666666666,244.33333333333331,248.66666666666666,246.0,239.0,242.2,240.0,241.66666666666666,238.99266666666665,237.34066666666666,244.34066666666666,245.99266666666665,227.66666666666666,255.66666666666666,,,0.0,0.0,0.0,12,20
2019-08-23 12:25:00,235.4,235.5,235.05,235.35,117011,2019-08-23,2019,237.33333333333331,234.66666666666666,244.33333333333331,248.66666666666666,246.0,239.0,242.2,240.0,241.66666666666666,238.99266666666665,237.34066666666666,244.34066666666666,245.99266666666665,227.66666666666666,255.66666666666666,,,0.0,0.0,0.0,12,25
2019-08-23 12:30:00,235.3,235.6,235.05,235.55,130983,2019-08-23,2019,237.33333333333331,234.66666666666666,244.33333333333331,248.66666666666666,246.0,239.0,242.2,240.0,241.66666666666666,238.99266666666665,237.34066666666666,244.34066666666666,245.99266666666665,227.66666666666666,255.66666666666666,,,0.0,0.0,0.0,12,30
2019-08-23 12:35:00,235.5,235.8,235.1,235.25,158038,2019-08-23,2019,237.33333333333331,234.66666666666666,244.33333333333331,248.66666666666666,246.0,239.0,242.2,240.0,241.66666666666666,238.99266666666665,237.34066666666666,244.34066666666666,245.99266666666665,227.66666666666666,255.66666666666666,,,0.0,0.0,0.0,12,35
2019-08-23 12:40:00,235.3,235.5,235.15,235.45,97610,2019-08-23,2019,237.33333333333331,234.66666666666666,244.33333333333331,248.66666666666666,246.0,239.0,242.2,240.0,241.66666666666666,238.99266666666665,237.34066666666666,244.34066666666666,245.99266666666665,227.66666666666666,255.66666666666666,,,0.0,0.0,0.0,12,40
2019-08-23 12:45:00,235.4,235.8,235.3,235.75,170777,2019-08-23,2019,237.33333333333331,234.66666666666666,244.33333333333331,248.66666666666666,246.0,239.0,242.2,240.0,241.66666666666666,238.99266666666665,237.34066666666666,244.34066666666666,245.99266666666665,227.66666666666666,255.66666666666666,,,0.0,0.0,0.0,12,45
2019-08-23 12:50:00,235.7,236.0,235.5,236.0,229635,2019-08-23,2019,237.33333333333331,234.66666666666666,244.33333333333331,248.66666666666666,246.0,239.0,242.2,240.0,241.66666666666666,238.99266666666665,237.34066666666666,244.34066666666666,245.99266666666665,227.66666666666666,255.66666666666666,,,0.0,0.0,0.0,12,50
2019-08-23 12:55:00,235.9,236.0,235.7,235.85,136480,2019-08-23,2019,237.33333333333331,234.66666666666666,244.33333333333331,248.66666666666666,246.0,239.0,242.2,240.0,241.66666666666666,238.99266666666665,237.34066666666666,244.34066666666666,245.99266666666665,227.66666666666666,255.66666666666666,Exit,Sell,235.9941,234.81076666666667,239.35,12,55
2019-08-23 13:00:00,235.8,235.9,235.4,235.5,133998,2019-08-23,2019,237.33333333333331,234.66666666666666,244.33333333333331,248.66666666666666,246.0,239.0,242.2,240.0,241.66666666666666,238.99266666666665,237.34066666666666,244.34066666666666,245.99266666666665,227.66666666666666,255.66666666666666,,,0.0,0.0,0.0,13,0
2019-08-23 13:05:00,235.45,235.85,235.25,235.4,172558,2019-08-23,2019,237.33333333333331,234.66666666666666,244.33333333333331,248.66666666666666,246.0,239.0,242.2,240.0,241.66666666666666,238.99266666666665,237.34066666666666,244.34066666666666,245.99266666666665,227.66666666666666,255.66666666666666,,,0.0,0.0,0.0,13,5
2019-08-23 13:10:00,235.4,235.75,235.1,235.5,300170,2019-08-23,2019,237.33333333333331,234.66666666666666,244.33333333333331,248.66666666666666,246.0,239.0,242.2,240.0,241.66666666666666,238.99266666666665,237.34066666666666,244.34066666666666,245.99266666666665,227.66666666666666,255.66666666666666,,,0.0,0.0,0.0,13,10
2019-08-23 13:15:00,235.45,235.85,235.4,235.75,136779,2019-08-23,2019,237.33333333333331,234.66666666666666,244.33333333333331,248.66666666666666,246.0,239.0,242.2,240.0,241.66666666666666,238.99266666666665,237.34066666666666,244.34066666666666,245.99266666666665,227.66666666666666,255.66666666666666,,,0.0,0.0,0.0,13,15
2019-08-23 13:20:00,235.75,236.45,235.6,236.35,251321,2019-08-23,2019,237.33333333333331,234.66666666666666,244.33333333333331,248.66666666666666,246.0,239.0,242.2,240.0,241.66666666666666,238.99266666666665,237.34066666666666,244.34066666666666,245.99266666666665,227.66666666666666,255.66666666666666,,,0.0,0.0,0.0,13,20
2019-08-23 13:25:00,236.35,236.9,236.25,236.8,229750,2019-08-23,2019,237.33333333333331,234.66666666666666,244.33333333333331,248.66666666666666,246.0,239.0,242.2,240.0,241.66666666666666,238.99266666666665,237.34066666666666,244.34066666666666,245.99266666666665,227.66666666666666,255.66666666666666,,,0.0,0.0,0.0,13,25
2019-08-23 13:30:00,236.8,236.9,236.5,236.65,170869,2019-08-23,2019,237.33333333333331,234.66666666666666,244.33333333333331,248.66666666666666,246.0,239.0,242.2,240.0,241.66666666666666,238.99266666666665,237.34066666666666,244.34066666666666,245.99266666666665,227.66666666666666,255.66666666666666,,,0.0,0.0,0.0,13,30
2019-08-23 13:35:00,236.6,237.45,236.45,237.25,319665,2019-08-23,2019,237.33333333333331,234.66666666666666,244.33333333333331,248.66666666666666,246.0,239.0,242.2,240.0,241.66666666666666,238.99266666666665,237.34066666666666,244.34066666666666,245.99266666666665,227.66666666666666,255.66666666666666,,,0.0,0.0,0.0,13,35
2019-08-23 13:40:00,237.2,238.2,237.15,238.2,386047,2019-08-23,2019,237.33333333333331,234.66666666666666,244.33333333333331,248.66666666666666,246.0,239.0,242.2,240.0,241.66666666666666,238.99266666666665,237.34066666666666,244.34066666666666,245.99266666666665,227.66666666666666,255.66666666666666,,,0.0,0.0,0.0,13,40
2019-08-23 13:45:00,238.15,238.15,237.6,237.8,231480,2019-08-23,2019,237.33333333333331,234.66666666666666,244.33333333333331,248.66666666666666,246.0,239.0,242.2,240.0,241.66666666666666,238.99266666666665,237.34066666666666,244.34066666666666,245.99266666666665,227.66666666666666,255.66666666666666,,,0.0,0.0,0.0,13,45
2019-08-23 13:50:00,237.8,238.2,237.5,237.7,206000,2019-08-23,2019,237.33333333333331,234.66666666666666,244.33333333333331,248.66666666666666,246.0,239.0,242.2,240.0,241.66666666666666,238.99266666666665,237.34066666666666,244.34066666666666,245.99266666666665,227.66666666666666,255.66666666666666,,,0.0,0.0,0.0,13,50
2019-08-23 13:55:00,237.65,237.7,237.05,237.6,186038,2019-08-23,2019,237.33333333333331,234.66666666666666,244.33333333333331,248.66666666666666,246.0,239.0,242.2,240.0,241.66666666666666,238.99266666666665,237.34066666666666,244.34066666666666,245.99266666666665,227.66666666666666,255.66666666666666,,,0.0,0.0,0.0,13,55
2019-08-23 14:00:00,237.55,237.7,237.5,237.65,149391,2019-08-23,2019,237.33333333333331,234.66666666666666,244.33333333333331,248.66666666666666,246.0,239.0,242.2,240.0,241.66666666666666,238.99266666666665,237.34066666666666,244.34066666666666,245.99266666666665,227.66666666666666,255.66666666666666,,,0.0,0.0,0.0,14,0
2019-08-23 14:05:00,237.55,238.0,237.4,237.95,179198,2019-08-23,2019,237.33333333333331,234.66666666666666,244.33333333333331,248.66666666666666,246.0,239.0,242.2,240.0,241.66666666666666,238.99266666666665,237.34066666666666,244.34066666666666,245.99266666666665,227.66666666666666,255.66666666666666,,,0.0,0.0,0.0,14,5
2019-08-23 14:10:00,237.85,238.05,237.55,237.7,173398,2019-08-23,2019,237.33333333333331,234.66666666666666,244.33333333333331,248.66666666666666,246.0,239.0,242.2,240.0,241.66666666666666,238.99266666666665,237.34066666666666,244.34066666666666,245.99266666666665,227.66666666666666,255.66666666666666,,,0.0,0.0,0.0,14,10
2019-08-23 14:15:00,237.65,237.7,236.7,236.75,165384,2019-08-23,2019,237.33333333333331,234.66666666666666,244.33333333333331,248.66666666666666,246.0,239.0,242.2,240.0,241.66666666666666,238.99266666666665,237.34066666666666,244.34066666666666,245.99266666666665,227.66666666666666,255.66666666666666,,,0.0,0.0,0.0,14,15
2019-08-23 14:20:00,236.75,237.0,236.4,236.6,205836,2019-08-23,2019,237.33333333333331,234.66666666666666,244.33333333333331,248.66666666666666,246.0,239.0,242.2,240.0,241.66666666666666,238.99266666666665,237.34066666666666,244.34066666666666,245.99266666666665,227.66666666666666,255.66666666666666,,,0.0,0.0,0.0,14,20
2019-08-23 14:25:00,236.55,237.05,236.45,236.85,152349,2019-08-23,2019,237.33333333333331,234.66666666666666,244.33333333333331,248.66666666666666,246.0,239.0,242.2,240.0,241.66666666666666,238.99266666666665,237.34066666666666,244.34066666666666,245.99266666666665,227.66666666666666,255.66666666666666,,,0.0,0.0,0.0,14,25
2019-08-23 14:30:00,236.8,237.2,236.7,237.0,141372,2019-08-23,2019,237.33333333333331,234.66666666666666,244.33333333333331,248.66666666666666,246.0,239.0,242.2,240.0,241.66666666666666,238.99266666666665,237.34066666666666,244.34066666666666,245.99266666666665,227.66666666666666,255.66666666666666,,,0.0,0.0,0.0,14,30
2019-08-23 14:35:00,236.95,237.0,236.45,236.5,153893,2019-08-23,2019,237.33333333333331,234.66666666666666,244.33333333333331,248.66666666666666,246.0,239.0,242.2,240.0,241.66666666666666,238.99266666666665,237.34066666666666,244.34066666666666,245.99266666666665,227.66666666666666,255.66666666666666,,,0.0,0.0,0.0,14,35
2019-08-23 14:40:00,236.5,236.65,236.3,236.45,217101,2019-08-23,2019,237.33333333333331,234.66666666666666,244.33333333333331,248.66666666666666,246.0,239.0,242.2,240.0,241.66666666666666,238.99266666666665,237.34066666666666,244.34066666666666,245.99266666666665,227.66666666666666,255.66666666666666,,,0.0,0.0,0.0,14,40
2019-08-23 14:45:00,236.35,236.95,236.35,236.7,260603,2019-08-23,2019,237.33333333333331,234.66666666666666,244.33333333333331,248.66666666666666,246.0,239.0,242.2,240.0,241.66666666666666,238.99266666666665,237.34066666666666,244.34066666666666,245.99266666666665,227.66666666666666,255.66666666666666,,,0.0,0.0,0.0,14,45
2019-08-23 14:50:00,236.65,236.85,236.2,236.5,115581,2019-08-23,2019,237.33333333333331,234.66666666666666,244.33333333333331,248.66666666666666,246.0,239.0,242.2,240.0,241.66666666666666,238.99266666666665,237.34066666666666,244.34066666666666,245.99266666666665,227.66666666666666,255.66666666666666,,,0.0,0.0,0.0,14,50
2019-08-23 14:55:00,236.25,236.65,236.15,236.25,226908,2019-08-23,2019,237.33333333333331,234.66666666666666,244.33333333333331,248.66666666666666,246.0,239.0,242.2,240.0,241.66666666666666,238.99266666666665,237.34066666666666,244.34066666666666,245.99266666666665,227.66666666666666,255.66666666666666,,,0.0,0.0,0.0,14,55
2019-08-23 15:00:00,236.25,236.55,235.45,235.7,554259,2019-08-23,2019,237.33333333333331,234.66666666666666,244.33333333333331,248.66666666666666,246.0,239.0,242.2,240.0,241.66666666666666,238.99266666666665,237.34066666666666,244.34066666666666,245.99266666666665,227.66666666666666,255.66666666666666,,,0.0,0.0,0.0,15,0
2019-08-23 15:05:00,235.7,236.3,235.7,236.2,387519,2019-08-23,2019,237.33333333333331,234.66666666666666,244.33333333333331,248.66666666666666,246.0,239.0,242.2,240.0,241.66666666666666,238.99266666666665,237.34066666666666,244.34066666666666,245.99266666666665,227.66666666666666,255.66666666666666,,,0.0,0.0,0.0,15,5
2019-08-23 15:10:00,236.15,236.25,235.75,236.1,404219,2019-08-23,2019,237.33333333333331,234.66666666666666,244.33333333333331,248.66666666666666,246.0,239.0,242.2,240.0,241.66666666666666,238.99266666666665,237.34066666666666,244.34066666666666,245.99266666666665,227.66666666666666,255.66666666666666,,,0.0,0.0,0.0,15,10
2019-08-23 15:15:00,236.05,236.4,235.95,236.2,439252,2019-08-23,2019,237.33333333333331,234.66666666666666,244.33333333333331,248.66666666666666,246.0,239.0,242.2,240.0,241.66666666666666,238.99266666666665,237.34066666666666,244.34066666666666,245.99266666666665,227.66666666666666,255.66666666666666,,,0.0,0.0,0.0,15,15
2019-08-23 15:20:00,236.2,236.4,236.0,236.25,464249,2019-08-23,2019,237.33333333333331,234.66666666666666,244.33333333333331,248.66666666666666,246.0,239.0,242.2,240.0,241.66666666666666,238.99266666666665,237.34066666666666,244.34066666666666,245.99266666666665,227.66666666666666,255.66666666666666,Exit,Buy,236.25,0.0,0.0,15,20
2019-08-23 15:25:00,236.2,236.5,236.1,236.45,426313,2019-08-23,2019,237.33333333333331,234.66666666666666,244.33333333333331,248.66666666666666,246.0,239.0,242.2,240.0,241.66666666666666,238.99266666666665,237.34066666666666,244.34066666666666,245.99266666666665,227.66666666666666,255.66666666666666,,,0.0,0.0,0.0,15,25
2019-08-26 09:15:00,240.7,241.0,237.5,238.25,554087,2019-08-26,2019,234.2833333333334,232.1166666666667,238.98333333333338,241.51666666666668,239.35,234.65,239.0,236.45,236.8166666666667,235.0212666666667,233.9120666666667,238.6120666666667,239.72126666666668,227.4166666666667,246.21666666666667,,,0.0,0.0,0.0,9,15
2019-08-26 09:20:00,238.2,238.8,238.15,238.35,206521,2019-08-26,2019,234.2833333333334,232.1166666666667,238.98333333333338,241.51666666666668,239.35,234.65,239.0,236.45,236.8166666666667,235.0212666666667,233.9120666666667,238.6120666666667,239.72126666666668,227.4166666666667,246.21666666666667,,,0.0,0.0,0.0,9,20
2019-08-26 09:25:00,238.4,238.65,238.0,238.25,150364,2019-08-26,2019,234.2833333333334,232.1166666666667,238.98333333333338,241.51666666666668,239.35,234.65,239.0,236.45,236.8166666666667,235.0212666666667,233.9120666666667,238.6120666666667,239.72126666666668,227.4166666666667,246.21666666666667,,,0.0,0.0,0.0,9,25
2019-08-26 09:30:00,238.2,238.2,237.3,237.8,210617,2019-08-26,2019,234.2833333333334,232.1166666666667,238.98333333333338,241.51666666666668,239.35,234.65,239.0,236.45,236.8166666666667,235.0212666666667,233.9120666666667,238.6120666666667,239.72126666666668,227.4166666666667,246.21666666666667,,,0.0,0.0,0.0,9,30
2019-08-26 09:35:00,237.8,238.9,237.8,238.55,187094,2019-08-26,2019,234.2833333333334,232.1166666666667,238.98333333333338,241.51666666666668,239.35,234.65,239.0,236.45,236.8166666666667,235.0212666666667,233.9120666666667,238.6120666666667,239.72126666666668,227.4166666666667,246.21666666666667,,,0.0,0.0,0.0,9,35
2019-08-26 09:40:00,238.55,238.8,238.35,238.6,102722,2019-08-26,2019,234.2833333333334,232.1166666666667,238.98333333333338,241.51666666666668,239.35,234.65,239.0,236.45,236.8166666666667,235.0212666666667,233.9120666666667,238.6120666666667,239.72126666666668,227.4166666666667,246.21666666666667,,,0.0,0.0,0.0,9,40
2019-08-26 09:45:00,238.6,238.65,236.45,236.9,295578,2019-08-26,2019,234.2833333333334,232.1166666666667,238.98333333333338,241.51666666666668,239.35,234.65,239.0,236.45,236.8166666666667,235.0212666666667,233.9120666666667,238.6120666666667,239.72126666666668,227.4166666666667,246.21666666666667,Entry,Sell,236.9,235.0212666666667,241.0,9,45
2019-08-26 09:50:00,236.9,237.6,236.55,237.1,120150,2019-08-26,2019,234.2833333333334,232.1166666666667,238.98333333333338,241.51666666666668,239.35,234.65,239.0,236.45,236.8166666666667,235.0212666666667,233.9120666666667,238.6120666666667,239.72126666666668,227.4166666666667,246.21666666666667,,,0.0,0.0,0.0,9,50
2019-08-26 09:55:00,237.1,237.6,237.0,237.45,54538,2019-08-26,2019,234.2833333333334,232.1166666666667,238.98333333333338,241.51666666666668,239.35,234.65,239.0,236.45,236.8166666666667,235.0212666666667,233.9120666666667,238.6120666666667,239.72126666666668,227.4166666666667,246.21666666666667,,,0.0,0.0,0.0,9,55
2019-08-26 10:00:00,237.4,237.55,235.75,235.85,282081,2019-08-26,2019,234.2833333333334,232.1166666666667,238.98333333333338,241.51666666666668,239.35,234.65,239.0,236.45,236.8166666666667,235.0212666666667,233.9120666666667,238.6120666666667,239.72126666666668,227.4166666666667,246.21666666666667,,,0.0,0.0,0.0,10,0
2019-08-26 10:05:00,235.85,235.95,234.95,235.6,295330,2019-08-26,2019,234.2833333333334,232.1166666666667,238.98333333333338,241.51666666666668,239.35,234.65,239.0,236.45,236.8166666666667,235.0212666666667,233.9120666666667,238.6120666666667,239.72126666666668,227.4166666666667,246.21666666666667,Exit,Buy,235.0212666666667,0.0,0.0,10,5
2019-08-26 10:10:00,235.55,236.65,235.4,236.65,135532,2019-08-26,2019,234.2833333333334,232.1166666666667,238.98333333333338,241.51666666666668,239.35,234.65,239.0,236.45,236.8166666666667,235.0212666666667,233.9120666666667,238.6120666666667,239.72126666666668,227.4166666666667,246.21666666666667,,,0.0,0.0,0.0,10,10
2019-08-26 10:15:00,236.65,237.9,236.55,237.7,164938,2019-08-26,2019,234.2833333333334,232.1166666666667,238.98333333333338,241.51666666666668,239.35,234.65,239.0,236.45,236.8166666666667,235.0212666666667,233.9120666666667,238.6120666666667,239.72126666666668,227.4166666666667,246.21666666666667,,,0.0,0.0,0.0,10,15
2019-08-26 10:20:00,237.65,238.0,237.5,237.75,82625,2019-08-26,2019,234.2833333333334,232.1166666666667,238.98333333333338,241.51666666666668,239.35,234.65,239.0,236.45,236.8166666666667,235.0212666666667,233.9120666666667,238.6120666666667,239.72126666666668,227.4166666666667,246.21666666666667,,,0.0,0.0,0.0,10,20
2019-08-26 10:25:00,237.75,238.3,237.7,238.15,126866,2019-08-26,2019,234.2833333333334,232.1166666666667,238.98333333333338,241.51666666666668,239.35,234.65,239.0,236.45,236.8166666666667,235.0212666666667,233.9120666666667,238.6120666666667,239.72126666666668,227.4166666666667,246.21666666666667,,,0.0,0.0,0.0,10,25
2019-08-26 10:30:00,238.1,238.45,237.5,238.0,87593,2019-08-26,2019,234.2833333333334,232.1166666666667,238.98333333333338,241.51666666666668,239.35,234.65,239.0,236.45,236.8166666666667,235.0212666666667,233.9120666666667,238.6120666666667,239.72126666666668,227.4166666666667,246.21666666666667,,,0.0,0.0,0.0,10,30
2019-08-26 10:35:00,237.95,238.0,237.4,237.45,64683,2019-08-26,2019,234.2833333333334,232.1166666666667,238.98333333333338,241.51666666666668,239.35,234.65,239.0,236.45,236.8166666666667,235.0212666666667,233.9120666666667,238.6120666666667,239.72126666666668,227.4166666666667,246.21666666666667,,,0.0,0.0,0.0,10,35
2019-08-26 10:40:00,237.45,238.35,237.4,238.25,62978,2019-08-26,2019,234.2833333333334,232.1166666666667,238.98333333333338,241.51666666666668,239.35,234.65,239.0,236.45,236.8166666666667,235.0212666666667,233.9120666666667,238.6120666666667,239.72126666666668,227.4166666666667,246.21666666666667,,,0.0,0.0,0.0,10,40
2019-08-26 10:45:00,238.25,238.55,237.75,237.95,57175,2019-08-26,2019,234.2833333333334,232.1166666666667,238.98333333333338,241.51666666666668,239.35,234.65,239.0,236.45,236.8166666666667,235.0212666666667,233.9120666666667,238.6120666666667,239.72126666666668,227.4166666666667,246.21666666666667,,,0.0,0.0,0.0,10,45
2019-08-26 10:50:00,237.85,238.35,237.8,237.9,52975,2019-08-26,2019,234.2833333333334,232.1166666666667,238.98333333333338,241.51666666666668,239.35,234.65,239.0,236.45,236.8166666666667,235.0212666666667,233.9120666666667,238.6120666666667,239.72126666666668,227.4166666666667,246.21666666666667,,,0.0,0.0,0.0,10,50
2019-08-26 10:55:00,237.9,238.4,237.75,238.4,48459,2019-08-26,2019,234.2833333333334,232.1166666666667,238.98333333333338,241.51666666666668,239.35,234.65,239.0,236.45,236.8166666666667,235.0212666666667,233.9120666666667,238.6120666666667,239.72126666666668,227.4166666666667,246.21666666666667,,,0.0,0.0,0.0,10,55
2019-08-26 11:00:00,238.4,238.6,238.3,238.45,46262,2019-08-26,2019,234.2833333333334,232.1166666666667,238.98333333333338,241.51666666666668,239.35,234.65,239.0,236.45,236.8166666666667,235.0212666666667,233.9120666666667,238.6120666666667,239.72126666666668,227.4166666666667,246.21666666666667,,,0.0,0.0,0.0,11,0
2019-08-26 11:05:00,238.4,238.6,238.2,238.35,63932,2019-08-26,2019,234.2833333333334,232.1166666666667,238.98333333333338,241.51666666666668,239.35,234.65,239.0,236.45,236.8166666666667,235.0212666666667,233.9120666666667,238.6120666666667,239.72126666666668,227.4166666666667,246.21666666666667,,,0.0,0.0,0.0,11,5
2019-08-26 11:10:00,238.3,238.55,238.2,238.45,48425,2019-08-26,2019,234.2833333333334,232.1166666666667,238.98333333333338,241.51666666666668,239.35,234.65,239.0,236.45,236.8166666666667,235.0212666666667,233.9120666666667,238.6120666666667,239.72126666666668,227.4166666666667,246.21666666666667,,,0.0,0.0,0.0,11,10
2019-08-26 11:15:00,238.4,238.8,238.4,238.5,52236,2019-08-26,2019,234.2833333333334,232.1166666666667,238.98333333333338,241.51666666666668,239.35,234.65,239.0,236.45,236.8166666666667,235.0212666666667,233.9120666666667,238.6120666666667,239.72126666666668,227.4166666666667,246.21666666666667,,,0.0,0.0,0.0,11,15
2019-08-26 11:20:00,238.45,238.5,238.0,238.0,52234,2019-08-26,2019,234.2833333333334,232.1166666666667,238.98333333333338,241.51666666666668,239.35,234.65,239.0,236.45,236.8166666666667,235.0212666666667,233.9120666666667,238.6120666666667,239.72126666666668,227.4166666666667,246.21666666666667,,,0.0,0.0,0.0,11,20
2019-08-26 11:25:00,238.0,238.9,238.0,238.8,63853,2019-08-26,2019,234.2833333333334,232.1166666666667,238.98333333333338,241.51666666666668,239.35,234.65,239.0,236.45,236.8166666666667,235.0212666666667,233.9120666666667,238.6120666666667,239.72126666666668,227.4166666666667,246.21666666666667,,,0.0,0.0,0.0,11,25
2019-08-26 11:30:00,238.75,239.25,238.65,238.95,111769,2019-08-26,2019,234.2833333333334,232.1166666666667,238.98333333333338,241.51666666666668,239.35,234.65,239.0,236.45,236.8166666666667,235.0212666666667,233.9120666666667,238.6120666666667,239.72126666666668,227.4166666666667,246.21666666666667,,,0.0,0.0,0.0,11,30
2019-08-26 11:35:00,238.75,239.4,238.7,239.25,69628,2019-08-26,2019,234.2833333333334,232.1166666666667,238.98333333333338,241.51666666666668,239.35,234.65,239.0,236.45,236.8166666666667,235.0212666666667,233.9120666666667,238.6120666666667,239.72126666666668,227.4166666666667,246.21666666666667,,,0.0,0.0,0.0,11,35
2019-08-26 11:40:00,239.25,239.85,239.1,239.8,131410,2019-08-26,2019,234.2833333333334,232.1166666666667,238.98333333333338,241.51666666666668,239.35,234.65,239.0,236.45,236.8166666666667,235.0212666666667,233.9120666666667,238.6120666666667,239.72126666666668,227.4166666666667,246.21666666666667,,,0.0,0.0,0.0,11,40
2019-08-26 11:45:00,239.85,240.0,239.5,239.75,97593,2019-08-26,2019,234.2833333333334,232.1166666666667,238.98333333333338,241.51666666666668,239.35,234.65,239.0,236.45,236.8166666666667,235.0212666666667,233.9120666666667,238.6120666666667,239.72126666666668,227.4166666666667,246.21666666666667,,,0.0,0.0,0.0,11,45
2019-08-26 11:50:00,239.75,240.15,239.7,240.1,126138,2019-08-26,2019,234.2833333333334,232.1166666666667,238.98333333333338,241.51666666666668,239.35,234.65,239.0,236.45,236.8166666666667,235.0212666666667,233.9120666666667,238.6120666666667,239.72126666666668,227.4166666666667,246.21666666666667,,,0.0,0.0,0.0,11,50
2019-08-26 11:55:00,240.0,240.15,239.6,240.15,75508,2019-08-26,2019,234.2833333333334,232.1166666666667,238.98333333333338,241.51666666666668,239.35,234.65,239.0,236.45,236.8166666666667,235.0212666666667,233.9120666666667,238.6120666666667,239.72126666666668,227.4166666666667,246.21666666666667,,,0.0,0.0,0.0,11,55
2019-08-26 12:00:00,240.05,240.45,239.95,240.2,75760,2019-08-26,2019,234.2833333333334,232.1166666666667,238.98333333333338,241.51666666666668,239.35,234.65,239.0,236.45,236.8166666666667,235.0212666666667,233.9120666666667,238.6120666666667,239.72126666666668,227.4166666666667,246.21666666666667,,,0.0,0.0,0.0,12,0
2019-08-26 12:05:00,240.15,240.65,240.1,240.55,143750,2019-08-26,2019,234.2833333333334,232.1166666666667,238.98333333333338,241.51666666666668,239.35,234.65,239.0,236.45,236.8166666666667,235.0212666666667,233.9120666666667,238.6120666666667,239.72126666666668,227.4166666666667,246.21666666666667,,,0.0,0.0,0.0,12,5
2019-08-26 12:10:00,240.5,241.3,240.5,241.0,240985,2019-08-26,2019,234.2833333333334,232.1166666666667,238.98333333333338,241.51666666666668,239.35,234.65,239.0,236.45,236.8166666666667,235.0212666666667,233.9120666666667,238.6120666666667,239.72126666666668,227.4166666666667,246.21666666666667,Entry,Buy,241.0,246.21666666666667,234.95,12,10
2019-08-26 12:15:00,241.0,241.65,240.65,241.45,253008,2019-08-26,2019,234.2833333333334,232.1166666666667,238.98333333333338,241.51666666666668,239.35,234.65,239.0,236.45,236.8166666666667,235.0212666666667,233.9120666666667,238.6120666666667,239.72126666666668,227.4166666666667,246.21666666666667,,,0.0,0.0,0.0,12,15
2019-08-26 12:20:00,241.3,241.85,241.3,241.85,151137,2019-08-26,2019,234.2833333333334,232.1166666666667,238.98333333333338,241.51666666666668,239.35,234.65,239.0,236.45,236.8166666666667,235.0212666666667,233.9120666666667,238.6120666666667,239.72126666666668,227.4166666666667,246.21666666666667,,,0.0,0.0,0.0,12,20
2019-08-26 12:25:00,241.8,242.8,241.7,242.35,352994,2019-08-26,2019,234.2833333333334,232.1166666666667,238.98333333333338,241.51666666666668,239.35,234.65,239.0,236.45,236.8166666666667,235.0212666666667,233.9120666666667,238.6120666666667,239.72126666666668,227.4166666666667,246.21666666666667,,,0.0,0.0,0.0,12,25
2019-08-26 12:30:00,242.4,243.25,242.1,243.0,506776,2019-08-26,2019,234.2833333333334,232.1166666666667,238.98333333333338,241.51666666666668,239.35,234.65,239.0,236.45,236.8166666666667,235.0212666666667,233.9120666666667,238.6120666666667,239.72126666666668,227.4166666666667,246.21666666666667,Exit,Sell,242.205,240.7216666666667,242.8,12,30
2019-08-26 12:35:00,242.9,243.25,242.05,242.25,404073,2019-08-26,2019,234.2833333333334,232.1166666666667,238.98333333333338,241.51666666666668,239.35,234.65,239.0,236.45,236.8166666666667,235.0212666666667,233.9120666666667,238.6120666666667,239.72126666666668,227.4166666666667,246.21666666666667,Exit,Buy,242.8,246.76666666666668,234.95,12,35
2019-08-26 12:40:00,242.25,242.45,241.1,241.3,223865,2019-08-26,2019,234.2833333333334,232.1166666666667,238.98333333333338,241.51666666666668,239.35,234.65,239.0,236.45,236.8166666666667,235.0212666666667,233.9120666666667,238.6120666666667,239.72126666666668,227.4166666666667,246.21666666666667,,,0.0,0.0,0.0,12,40
2019-08-26 12:45:00,241.3,243.15,241.2,242.6,506156,2019-08-26,2019,234.2833333333334,232.1166666666667,238.98333333333338,241.51666666666668,239.35,234.65,239.0,236.45,236.8166666666667,235.0212666666667,233.9120666666667,238.6120666666667,239.72126666666668,227.4166666666667,246.21666666666667,,,0.0,0.0,0.0,12,45
2019-08-26 12:50:00,242.55,243.45,242.5,242.65,391790,2019-08-26,2019,234.2833333333334,232.1166666666667,238.98333333333338,241.51666666666668,239.35,234.65,239.0,236.45,236.8166666666667,235.0212666666667,233.9120666666667,238.6120666666667,239.72126666666668,227.4166666666667,246.21666666666667,,,0.0,0.0,0.0,12,50
2019-08-26 12:55:00,242.65,243.25,242.05,242.45,238929,2019-08-26,2019,234.2833333333334,232.1166666666667,238.98333333333338,241.51666666666668,239.35,234.65,239.0,236.45,236.8166666666667,235.0212666666667,233.9120666666667,238.6120666666667,239.72126666666668,227.4166666666667,246.21666666666667,,,0.0,0.0,0.0,12,55
2019-08-26 13:00:00,242.45,242.75,241.25,241.25,145358,2019-08-26,2019,234.2833333333334,232.1166666666667,238.98333333333338,241.51666666666668,239.35,234.65,239.0,236.45,236.8166666666667,235.0212666666667,233.9120666666667,238.6120666666667,239.72126666666668,227.4166666666667,246.21666666666667,,,0.0,0.0,0.0,13,0
2019-08-26 13:05:00,241.2,241.75,240.9,241.65,190859,2019-08-26,2019,234.2833333333334,232.1166666666667,238.98333333333338,241.51666666666668,239.35,234.65,239.0,236.45,236.8166666666667,235.0212666666667,233.9120666666667,238.6120666666667,239.72126666666668,227.4166666666667,246.21666666666667,,,0.0,0.0,0.0,13,5
2019-08-26 13:10:00,241.6,241.75,241.15,241.5,151422,2019-08-26,2019,234.2833333333334,232.1166666666667,238.98333333333338,241.51666666666668,239.35,234.65,239.0,236.45,236.8166666666667,235.0212666666667,233.9120666666667,238.6120666666667,239.72126666666668,227.4166666666667,246.21666666666667,,,0.0,0.0,0.0,13,10
2019-08-26 13:15:00,241.5,241.85,241.2,241.35,174148,2019-08-26,2019,234.2833333333334,232.1166666666667,238.98333333333338,241.51666666666668,239.35,234.65,239.0,236.45,236.8166666666667,235.0212666666667,233.9120666666667,238.6120666666667,239.72126666666668,227.4166666666667,246.21666666666667,,,0.0,0.0,0.0,13,15
2019-08-26 13:20:00,241.3,242.2,241.2,242.0,125691,2019-08-26,2019,234.2833333333334,232.1166666666667,238.98333333333338,241.51666666666668,239.35,234.65,239.0,236.45,236.8166666666667,235.0212666666667,233.9120666666667,238.6120666666667,239.72126666666668,227.4166666666667,246.21666666666667,,,0.0,0.0,0.0,13,20
2019-08-26 13:25:00,242.0,242.75,242.0,242.0,173114,2019-08-26,2019,234.2833333333334,232.1166666666667,238.98333333333338,241.51666666666668,239.35,234.65,239.0,236.45,236.8166666666667,235.0212666666667,233.9120666666667,238.6120666666667,239.72126666666668,227.4166666666667,246.21666666666667,,,0.0,0.0,0.0,13,25
2019-08-26 13:30:00,242.0,242.05,241.7,241.75,101202,2019-08-26,2019,234.2833333333334,232.1166666666667,238.98333333333338,241.51666666666668,239.35,234.65,239.0,236.45,236.8166666666667,235.0212666666667,233.9120666666667,238.6120666666667,239.72126666666668,227.4166666666667,246.21666666666667,,,0.0,0.0,0.0,13,30
2019-08-26 13:35:00,241.75,242.25,241.7,242.0,115200,2019-08-26,2019,234.2833333333334,232.1166666666667,238.98333333333338,241.51666666666668,239.35,234.65,239.0,236.45,236.8166666666667,235.0212666666667,233.9120666666667,238.6120666666667,239.72126666666668,227.4166666666667,246.21666666666667,,,0.0,0.0,0.0,13,35
2019-08-26 13:40:00,241.95,242.0,241.65,241.9,114379,2019-08-26,2019,234.2833333333334,232.1166666666667,238.98333333333338,241.51666666666668,239.35,234.65,239.0,236.45,236.8166666666667,235.0212666666667,233.9120666666667,238.6120666666667,239.72126666666668,227.4166666666667,246.21666666666667,,,0.0,0.0,0.0,13,40
2019-08-26 13:45:00,241.9,242.35,241.8,242.05,118168,2019-08-26,2019,234.2833333333334,232.1166666666667,238.98333333333338,241.51666666666668,239.35,234.65,239.0,236.45,236.8166666666667,235.0212666666667,233.9120666666667,238.6120666666667,239.72126666666668,227.4166666666667,246.21666666666667,,,0.0,0.0,0.0,13,45
2019-08-26 13:50:00,242.0,242.05,241.75,242.0,118947,2019-08-26,2019,234.2833333333334,232.1166666666667,238.98333333333338,241.51666666666668,239.35,234.65,239.0,236.45,236.8166666666667,235.0212666666667,233.9120666666667,238.6120666666667,239.72126666666668,227.4166666666667,246.21666666666667,,,0.0,0.0,0.0,13,50
2019-08-26 13:55:00,241.95,242.05,241.7,241.95,131164,2019-08-26,2019,234.2833333333334,232.1166666666667,238.98333333333338,241.51666666666668,239.35,234.65,239.0,236.45,236.8166666666667,235.0212666666667,233.9120666666667,238.6120666666667,239.72126666666668,227.4166666666667,246.21666666666667,,,0.0,0.0,0.0,13,55
2019-08-26 14:00:00,241.9,242.2,241.8,242.0,133298,2019-08-26,2019,234.2833333333334,232.1166666666667,238.98333333333338,241.51666666666668,239.35,234.65,239.0,236.45,236.8166666666667,235.0212666666667,233.9120666666667,238.6120666666667,239.72126666666668,227.4166666666667,246.21666666666667,,,0.0,0.0,0.0,14,0
2019-08-26 14:05:00,242.0,242.15,241.85,242.0,112073,2019-08-26,2019,234.2833333333334,232.1166666666667,238.98333333333338,241.51666666666668,239.35,234.65,239.0,236.45,236.8166666666667,235.0212666666667,233.9120666666667,238.6120666666667,239.72126666666668,227.4166666666667,246.21666666666667,,,0.0,0.0,0.0,14,5
2019-08-26 14:10:00,242.0,242.15,241.95,242.0,103075,2019-08-26,2019,234.2833333333334,232.1166666666667,238.98333333333338,241.51666666666668,239.35,234.65,239.0,236.45,236.8166666666667,235.0212666666667,233.9120666666667,238.6120666666667,239.72126666666668,227.4166666666667,246.21666666666667,,,0.0,0.0,0.0,14,10
2019-08-26 14:15:00,241.95,242.35,241.9,242.0,91243,2019-08-26,2019,234.2833333333334,232.1166666666667,238.98333333333338,241.51666666666668,239.35,234.65,239.0,236.45,236.8166666666667,235.0212666666667,233.9120666666667,238.6120666666667,239.72126666666668,227.4166666666667,246.21666666666667,,,0.0,0.0,0.0,14,15
2019-08-26 14:20:00,242.0,242.3,242.0,242.3,123876,2019-08-26,2019,234.2833333333334,232.1166666666667,238.98333333333338,241.51666666666668,239.35,234.65,239.0,236.45,236.8166666666667,235.0212666666667,233.9120666666667,238.6120666666667,239.72126666666668,227.4166666666667,246.21666666666667,,,0.0,0.0,0.0,14,20
2019-08-26 14:25:00,242.2,242.85,242.0,242.25,168034,2019-08-26,2019,234.2833333333334,232.1166666666667,238.98333333333338,241.51666666666668,239.35,234.65,239.0,236.45,236.8166666666667,235.0212666666667,233.9120666666667,238.6120666666667,239.72126666666668,227.4166666666667,246.21666666666667,,,0.0,0.0,0.0,14,25
2019-08-26 14:30:00,242.25,242.25,241.85,241.9,105745,2019-08-26,2019,234.2833333333334,232.1166666666667,238.98333333333338,241.51666666666668,239.35,234.65,239.0,236.45,236.8166666666667,235.0212666666667,233.9120666666667,238.6120666666667,239.72126666666668,227.4166666666667,246.21666666666667,,,0.0,0.0,0.0,14,30
2019-08-26 14:35:00,241.9,242.05,241.55,241.85,126844,2019-08-26,2019,234.2833333333334,232.1166666666667,238.98333333333338,241.51666666666668,239.35,234.65,239.0,236.45,236.8166666666667,235.0212666666667,233.9120666666667,238.6120666666667,239.72126666666668,227.4166666666667,246.21666666666667,,,0.0,0.0,0.0,14,35
2019-08-26 14:40:00,241.85,241.95,241.65,241.95,129522,2019-08-26,2019,234.2833333333334,232.1166666666667,238.98333333333338,241.51666666666668,239.35,234.65,239.0,236.45,236.8166666666667,235.0212666666667,233.9120666666667,238.6120666666667,239.72126666666668,227.4166666666667,246.21666666666667,,,0.0,0.0,0.0,14,40
2019-08-26 14:45:00,241.95,242.1,241.6,241.8,191533,2019-08-26,2019,234.2833333333334,232.1166666666667,238.98333333333338,241.51666666666668,239.35,234.65,239.0,236.45,236.8166666666667,235.0212666666667,233.9120666666667,238.6120666666667,239.72126666666668,227.4166666666667,246.21666666666667,,,0.0,0.0,0.0,14,45
2019-08-26 14:50:00,241.75,241.8,241.65,241.75,114711,2019-08-26,2019,234.2833333333334,232.1166666666667,238.98333333333338,241.51666666666668,239.35,234.65,239.0,236.45,236.8166666666667,235.0212666666667,233.9120666666667,238.6120666666667,239.72126666666668,227.4166666666667,246.21666666666667,,,0.0,0.0,0.0,14,50
2019-08-26 14:55:00,241.7,241.85,241.2,241.5,187427,2019-08-26,2019,234.2833333333334,232.1166666666667,238.98333333333338,241.51666666666668,239.35,234.65,239.0,236.45,236.8166666666667,235.0212666666667,233.9120666666667,238.6120666666667,239.72126666666668,227.4166666666667,246.21666666666667,,,0.0,0.0,0.0,14,55
2019-08-26 15:00:00,241.5,242.6,241.45,242.6,245948,2019-08-26,2019,234.2833333333334,232.1166666666667,238.98333333333338,241.51666666666668,239.35,234.65,239.0,236.45,236.8166666666667,235.0212666666667,233.9120666666667,238.6120666666667,239.72126666666668,227.4166666666667,246.21666666666667,,,0.0,0.0,0.0,15,0
2019-08-26 15:05:00,242.65,242.85,242.5,242.7,163802,2019-08-26,2019,234.2833333333334,232.1166666666667,238.98333333333338,241.51666666666668,239.35,234.65,239.0,236.45,236.8166666666667,235.0212666666667,233.9120666666667,238.6120666666667,239.72126666666668,227.4166666666667,246.21666666666667,,,0.0,0.0,0.0,15,5
2019-08-26 15:10:00,242.7,242.75,242.15,242.3,218277,2019-08-26,2019,234.2833333333334,232.1166666666667,238.98333333333338,241.51666666666668,239.35,234.65,239.0,236.45,236.8166666666667,235.0212666666667,233.9120666666667,238.6120666666667,239.72126666666668,227.4166666666667,246.21666666666667,,,0.0,0.0,0.0,15,10
2019-08-26 15:15:00,242.3,243.4,242.15,243.1,483560,2019-08-26,2019,234.2833333333334,232.1166666666667,238.98333333333338,241.51666666666668,239.35,234.65,239.0,236.45,236.8166666666667,235.0212666666667,233.9120666666667,238.6120666666667,239.72126666666668,227.4166666666667,246.21666666666667,,,0.0,0.0,0.0,15,15
2019-08-26 15:20:00,243.05,243.25,242.0,242.0,339654,2019-08-26,2019,234.2833333333334,232.1166666666667,238.98333333333338,241.51666666666668,239.35,234.65,239.0,236.45,236.8166666666667,235.0212666666667,233.9120666666667,238.6120666666667,239.72126666666668,227.4166666666667,246.21666666666667,Exit,Sell,242.0,0.0,0.0,15,20
2019-08-26 15:25:00,242.0,242.1,241.65,242.0,335630,2019-08-26,2019,234.2833333333334,232.1166666666667,238.98333333333338,241.51666666666668,239.35,234.65,239.0,236.45,236.8166666666667,235.0212666666667,233.9120666666667,238.6120666666667,239.72126666666668,227.4166666666667,246.21666666666667,,,0.0,0.0,0.0,15,25
2019-08-27 09:15:00,243.95,244.9,242.7,244.65,777862,2019-08-27,2019,236.81666666666666,231.63333333333333,245.31666666666666,248.63333333333333,243.45,234.95,240.7,242.0,240.13333333333333,236.8863333333333,234.88033333333334,243.38033333333334,245.3863333333333,223.13333333333333,257.1333333333333,,,0.0,0.0,0.0,9,15
2019-08-27 09:20:00,244.65,245.0,244.45,244.95,344145,2019-08-27,2019,236.81666666666666,231.63333333333333,245.31666666666666,248.63333333333333,243.45,234.95,240.7,242.0,240.13333333333333,236.8863333333333,234.88033333333334,243.38033333333334,245.3863333333333,223.13333333333333,257.1333333333333,Entry,Buy,244.95,248.63333333333333,242.7,9,20
2019-08-27 09:25:00,244.9,245.25,244.2,244.4,229898,2019-08-27,2019,236.81666666666666,231.63333333333333,245.31666666666666,248.63333333333333,243.45,234.95,240.7,242.0,240.13333333333333,236.8863333333333,234.88033333333334,243.38033333333334,245.3863333333333,223.13333333333333,257.1333333333333,,,0.0,0.0,0.0,9,25
2019-08-27 09:30:00,244.4,244.4,243.55,244.0,245001,2019-08-27,2019,236.81666666666666,231.63333333333333,245.31666666666666,248.63333333333333,243.45,234.95,240.7,242.0,240.13333333333333,236.8863333333333,234.88033333333334,243.38033333333334,245.3863333333333,223.13333333333333,257.1333333333333,,,0.0,0.0,0.0,9,30
2019-08-27 09:35:00,243.95,244.05,243.0,243.75,248220,2019-08-27,2019,236.81666666666666,231.63333333333333,245.31666666666666,248.63333333333333,243.45,234.95,240.7,242.0,240.13333333333333,236.8863333333333,234.88033333333334,243.38033333333334,245.3863333333333,223.13333333333333,257.1333333333333,,,0.0,0.0,0.0,9,35
2019-08-27 09:40:00,243.65,244.45,243.5,244.35,127348,2019-08-27,2019,236.81666666666666,231.63333333333333,245.31666666666666,248.63333333333333,243.45,234.95,240.7,242.0,240.13333333333333,236.8863333333333,234.88033333333334,243.38033333333334,245.3863333333333,223.13333333333333,257.1333333333333,,,0.0,0.0,0.0,9,40
2019-08-27 09:45:00,244.35,245.0,244.25,244.65,162890,2019-08-27,2019,236.81666666666666,231.63333333333333,245.31666666666666,248.63333333333333,243.45,234.95,240.7,242.0,240.13333333333333,236.8863333333333,234.88033333333334,243.38033333333334,245.3863333333333,223.13333333333333,257.1333333333333,,,0.0,0.0,0.0,9,45
2019-08-27 09:50:00,244.65,244.9,244.4,244.85,90123,2019-08-27,2019,236.81666666666666,231.63333333333333,245.31666666666666,248.63333333333333,243.45,234.95,240.7,242.0,240.13333333333333,236.8863333333333,234.88033333333334,243.38033333333334,245.3863333333333,223.13333333333333,257.1333333333333,,,0.0,0.0,0.0,9,50
2019-08-27 09:55:00,244.85,245.7,244.75,245.25,187613,2019-08-27,2019,236.81666666666666,231.63333333333333,245.31666666666666,248.63333333333333,243.45,234.95,240.7,242.0,240.13333333333333,236.8863333333333,234.88033333333334,243.38033333333334,245.3863333333333,223.13333333333333,257.1333333333333,,,0.0,0.0,0.0,9,55
2019-08-27 10:00:00,245.25,245.4,244.8,244.85,121272,2019-08-27,2019,236.81666666666666,231.63333333333333,245.31666666666666,248.63333333333333,243.45,234.95,240.7,242.0,240.13333333333333,236.8863333333333,234.88033333333334,243.38033333333334,245.3863333333333,223.13333333333333,257.1333333333333,,,0.0,0.0,0.0,10,0
2019-08-27 10:05:00,244.9,245.3,244.5,244.9,103837,2019-08-27,2019,236.81666666666666,231.63333333333333,245.31666666666666,248.63333333333333,243.45,234.95,240.7,242.0,240.13333333333333,236.8863333333333,234.88033333333334,243.38033333333334,245.3863333333333,223.13333333333333,257.1333333333333,,,0.0,0.0,0.0,10,5
2019-08-27 10:10:00,244.9,245.05,244.7,245.0,84484,2019-08-27,2019,236.81666666666666,231.63333333333333,245.31666666666666,248.63333333333333,243.45,234.95,240.7,242.0,240.13333333333333,236.8863333333333,234.88033333333334,243.38033333333334,245.3863333333333,223.13333333333333,257.1333333333333,,,0.0,0.0,0.0,10,10
2019-08-27 10:15:00,245.0,245.25,244.65,245.2,88280,2019-08-27,2019,236.81666666666666,231.63333333333333,245.31666666666666,248.63333333333333,243.45,234.95,240.7,242.0,240.13333333333333,236.8863333333333,234.88033333333334,243.38033333333334,245.3863333333333,223.13333333333333,257.1333333333333,,,0.0,0.0,0.0,10,15
2019-08-27 10:20:00,245.25,245.3,244.6,245.05,126125,2019-08-27,2019,236.81666666666666,231.63333333333333,245.31666666666666,248.63333333333333,243.45,234.95,240.7,242.0,240.13333333333333,236.8863333333333,234.88033333333334,243.38033333333334,245.3863333333333,223.13333333333333,257.1333333333333,,,0.0,0.0,0.0,10,20
2019-08-27 10:25:00,245.05,245.45,245.0,245.25,78533,2019-08-27,2019,236.81666666666666,231.63333333333333,245.31666666666666,248.63333333333333,243.45,234.95,240.7,242.0,240.13333333333333,236.8863333333333,234.88033333333334,243.38033333333334,245.3863333333333,223.13333333333333,257.1333333333333,,,0.0,0.0,0.0,10,25
2019-08-27 10:30:00,245.3,245.5,245.0,245.05,68767,2019-08-27,2019,236.81666666666666,231.63333333333333,245.31666666666666,248.63333333333333,243.45,234.95,240.7,242.0,240.13333333333333,236.8863333333333,234.88033333333334,243.38033333333334,245.3863333333333,223.13333333333333,257.1333333333333,,,0.0,0.0,0.0,10,30
2019-08-27 10:35:00,245.05,245.65,244.8,245.15,117344,2019-08-27,2019,236.81666666666666,231.63333333333333,245.31666666666666,248.63333333333333,243.45,234.95,240.7,242.0,240.13333333333333,236.8863333333333,234.88033333333334,243.38033333333334,245.3863333333333,223.13333333333333,257.1333333333333,,,0.0,0.0,0.0,10,35
2019-08-27 10:40:00,245.2,245.8,245.0,245.7,254369,2019-08-27,2019,236.81666666666666,231.63333333333333,245.31666666666666,248.63333333333333,243.45,234.95,240.7,242.0,240.13333333333333,236.8863333333333,234.88033333333334,243.38033333333334,245.3863333333333,223.13333333333333,257.1333333333333,,,0.0,0.0,0.0,10,40
2019-08-27 10:45:00,245.7,246.0,245.05,246.0,293231,2019-08-27,2019,236.81666666666666,231.63333333333333,245.31666666666666,248.63333333333333,243.45,234.95,240.7,242.0,240.13333333333333,236.8863333333333,234.88033333333334,243.38033333333334,245.3863333333333,223.13333333333333,257.1333333333333,,,0.0,0.0,0.0,10,45
2019-08-27 10:50:00,246.0,246.3,245.75,246.1,248145,2019-08-27,2019,236.81666666666666,231.63333333333333,245.31666666666666,248.63333333333333,243.45,234.95,240.7,242.0,240.13333333333333,236.8863333333333,234.88033333333334,243.38033333333334,245.3863333333333,223.13333333333333,257.1333333333333,,,0.0,0.0,0.0,10,50
2019-08-27 10:55:00,246.1,246.2,245.8,245.9,77507,2019-08-27,2019,236.81666666666666,231.63333333333333,245.31666666666666,248.63333333333333,243.45,234.95,240.7,242.0,240.13333333333333,236.8863333333333,234.88033333333334,243.38033333333334,245.3863333333333,223.13333333333333,257.1333333333333,Exit,Sell,246.17475,243.65508333333332,246.3,10,55
2019-08-27 11:00:00,245.9,246.05,245.55,245.65,77510,2019-08-27,2019,236.81666666666666,231.63333333333333,245.31666666666666,248.63333333333333,243.45,234.95,240.7,242.0,240.13333333333333,236.8863333333333,234.88033333333334,243.38033333333334,245.3863333333333,223.13333333333333,257.1333333333333,,,0.0,0.0,0.0,11,0
2019-08-27 11:05:00,245.7,246.0,245.5,245.65,73033,2019-08-27,2019,236.81666666666666,231.63333333333333,245.31666666666666,248.63333333333333,243.45,234.95,240.7,242.0,240.13333333333333,236.8863333333333,234.88033333333334,243.38033333333334,245.3863333333333,223.13333333333333,257.1333333333333,,,0.0,0.0,0.0,11,5
2019-08-27 11:10:00,245.65,245.8,245.15,245.2,96552,2019-08-27,2019,236.81666666666666,231.63333333333333,245.31666666666666,248.63333333333333,243.45,234.95,240.7,242.0,240.13333333333333,236.8863333333333,234.88033333333334,243.38033333333334,245.3863333333333,223.13333333333333,257.1333333333333,,,0.0,0.0,0.0,11,10
2019-08-27 11:15:00,245.2,245.35,244.7,245.15,174633,2019-08-27,2019,236.81666666666666,231.63333333333333,245.31666666666666,248.63333333333333,243.45,234.95,240.7,242.0,240.13333333333333,236.8863333333333,234.88033333333334,243.38033333333334,245.3863333333333,223.13333333333333,257.1333333333333,,,0.0,0.0,0.0,11,15
2019-08-27 11:20:00,245.2,245.45,245.0,245.35,64202,2019-08-27,2019,236.81666666666666,231.63333333333333,245.31666666666666,248.63333333333333,243.45,234.95,240.7,242.0,240.13333333333333,236.8863333333333,234.88033333333334,243.38033333333334,245.3863333333333,223.13333333333333,257.1333333333333,Exit,Buy,244.94387625,248.22720958333332,242.7,11,20
2019-08-27 11:25:00,245.35,245.5,245.1,245.4,61003,2019-08-27,2019,236.81666666666666,231.63333333333333,245.31666666666666,248.63333333333333,243.45,234.95,240.7,242.0,240.13333333333333,236.8863333333333,234.88033333333334,243.38033333333334,245.3863333333333,223.13333333333333,257.1333333333333,,,0.0,0.0,0.0,11,25
2019-08-27 11:30:00,245.4,245.5,244.9,245.3,94414,2019-08-27,2019,236.81666666666666,231.63333333333333,245.31666666666666,248.63333333333333,243.45,234.95,240.7,242.0,240.13333333333333,236.8863333333333,234.88033333333334,243.38033333333334,245.3863333333333,223.13333333333333,257.1333333333333,,,0.0,0.0,0.0,11,30
2019-08-27 11:35:00,245.35,245.55,245.15,245.45,64687,2019-08-27,2019,236.81666666666666,231.63333333333333,245.31666666666666,248.63333333333333,243.45,234.95,240.7,242.0,240.13333333333333,236.8863333333333,234.88033333333334,243.38033333333334,245.3863333333333,223.13333333333333,257.1333333333333,,,0.0,0.0,0.0,11,35
2019-08-27 11:40:00,245.45,245.5,244.95,245.35,114357,2019-08-27,2019,236.81666666666666,231.63333333333333,245.31666666666666,248.63333333333333,243.45,234.95,240.7,242.0,240.13333333333333,236.8863333333333,234.88033333333334,243.38033333333334,245.3863333333333,223.13333333333333,257.1333333333333,,,0.0,0.0,0.0,11,40
2019-08-27 11:45:00,245.35,245.5,245.2,245.5,64216,2019-08-27,2019,236.81666666666666,231.63333333333333,245.31666666666666,248.63333333333333,243.45,234.95,240.7,242.0,240.13333333333333,236.8863333333333,234.88033333333334,243.38033333333334,245.3863333333333,223.13333333333333,257.1333333333333,,,0.0,0.0,0.0,11,45
2019-08-27 11:50:00,245.5,245.8,245.35,245.5,96414,2019-08-27,2019,236.81666666666666,231.63333333333333,245.31666666666666,248.63333333333333,243.45,234.95,240.7,242.0,240.13333333333333,236.8863333333333,234.88033333333334,243.38033333333334,245.3863333333333,223.13333333333333,257.1333333333333,,,0.0,0.0,0.0,11,50
2019-08-27 11:55:00,245.5,245.75,245.3,245.5,85764,2019-08-27,2019,236.81666666666666,231.63333333333333,245.31666666666666,248.63333333333333,243.45,234.95,240.7,242.0,240.13333333333333,236.8863333333333,234.88033333333334,243.38033333333334,245.3863333333333,223.13333333333333,257.1333333333333,,,0.0,0.0,0.0,11,55
2019-08-27 12:00:00,245.5,245.6,245.3,245.4,58449,2019-08-27,2019,236.81666666666666,231.63333333333333,245.31666666666666,248.63333333333333,243.45,234.95,240.7,242.0,240.13333333333333,236.8863333333333,234.88033333333334,243.38033333333334,245.3863333333333,223.13333333333333,257.1333333333333,,,0.0,0.0,0.0,12,0
2019-08-27 12:05:00,245.45,245.7,245.35,245.55,38240,2019-08-27,2019,236.81666666666666,231.63333333333333,245.31666666666666,248.63333333333333,243.45,234.95,240.7,242.0,240.13333333333333,236.8863333333333,234.88033333333334,243.38033333333334,245.3863333333333,223.13333333333333,257.1333333333333,,,0.0,0.0,0.0,12,5
2019-08-27 12:10:00,245.6,245.7,245.4,245.7,41815,2019-08-27,2019,236.81666666666666,231.63333333333333,245.31666666666666,248.63333333333333,243.45,234.95,240.7,242.0,240.13333333333333,236.8863333333333,234.88033333333334,243.38033333333334,245.3863333333333,223.13333333333333,257.1333333333333,,,0.0,0.0,0.0,12,10
2019-08-27 12:15:00,245.7,245.95,245.4,245.8,95038,2019-08-27,2019,236.81666666666666,231.63333333333333,245.31666666666666,248.63333333333333,243.45,234.95,240.7,242.0,240.13333333333333,236.8863333333333,234.88033333333334,243.38033333333334,245.3863333333333,223.13333333333333,257.1333333333333,,,0.0,0.0,0.0,12,15
2019-08-27 12:20:00,245.75,246.15,245.75,246.05,106216,2019-08-27,2019,236.81666666666666,231.63333333333333,245.31666666666666,248.63333333333333,243.45,234.95,240.7,242.0,240.13333333333333,236.8863333333333,234.88033333333334,243.38033333333334,245.3863333333333,223.13333333333333,257.1333333333333,,,0.0,0.0,0.0,12,20
2019-08-27 12:25:00,246.05,246.2,245.65,245.9,92903,2019-08-27,2019,236.81666666666666,231.63333333333333,245.31666666666666,248.63333333333333,243.45,234.95,240.7,242.0,240.13333333333333,236.8863333333333,234.88033333333334,243.38033333333334,245.3863333333333,223.13333333333333,257.1333333333333,,,0.0,0.0,0.0,12,25
2019-08-27 12:30:00,245.95,246.0,245.6,245.9,102049,2019-08-27,2019,236.81666666666666,231.63333333333333,245.31666666666666,248.63333333333333,243.45,234.95,240.7,242.0,240.13333333333333,236.8863333333333,234.88033333333334,243.38033333333334,245.3863333333333,223.13333333333333,257.1333333333333,Exit,Sell,246.16859563124999,243.64892896458332,246.3,12,30
2019-08-27 12:35:00,245.85,246.0,245.3,245.45,105830,2019-08-27,2019,236.81666666666666,231.63333333333333,245.31666666666666,248.63333333333333,243.45,234.95,240.7,242.0,240.13333333333333,236.8863333333333,234.88033333333334,243.38033333333334,245.3863333333333,223.13333333333333,257.1333333333333,,,0.0,0.0,0.0,12,35
2019-08-27 12:40:00,245.45,245.5,244.9,245.1,134042,2019-08-27,2019,236.81666666666666,231.63333333333333,245.31666666666666,248.63333333333333,243.45,234.95,240.7,242.0,240.13333333333333,236.8863333333333,234.88033333333334,243.38033333333334,245.3863333333333,223.13333333333333,257.1333333333333,,,0.0,0.0,0.0,12,40
2019-08-27 12:45:00,245.1,245.3,244.85,245.15,100337,2019-08-27,2019,236.81666666666666,231.63333333333333,245.31666666666666,248.63333333333333,243.45,234.95,240.7,242.0,240.13333333333333,236.8863333333333,234.88033333333334,243.38033333333334,245.3863333333333,223.13333333333333,257.1333333333333,Exit,Buy,244.93775265309372,248.42108598642704,242.7,12,45
2019-08-27 12:50:00,245.2,245.2,244.4,244.85,152872,2019-08-27,2019,236.81666666666666,231.63333333333333,245.31666666666666,248.63333333333333,243.45,234.95,240.7,242.0,240.13333333333333,236.8863333333333,234.88033333333334,243.38033333333334,245.3863333333333,223.13333333333333,257.1333333333333,,,0.0,0.0,0.0,12,50
2019-08-27 12:55:00,244.9,245.65,244.8,245.6,101896,2019-08-27,2019,236.81666666666666,231.63333333333333,245.31666666666666,248.63333333333333,243.45,234.95,240.7,242.0,240.13333333333333,236.8863333333333,234.88033333333334,243.38033333333334,245.3863333333333,223.13333333333333,257.1333333333333,,,0.0,0.0,0.0,12,55
2019-08-27 13:00:00,245.6,245.6,244.95,245.35,100365,2019-08-27,2019,236.81666666666666,231.63333333333333,245.31666666666666,248.63333333333333,243.45,234.95,240.7,242.0,240.13333333333333,236.8863333333333,234.88033333333334,243.38033333333334,245.3863333333333,223.13333333333333,257.1333333333333,,,0.0,0.0,0.0,13,0
2019-08-27 13:05:00,245.35,245.45,245.2,245.45,95257,2019-08-27,2019,236.81666666666666,231.63333333333333,245.31666666666666,248.63333333333333,243.45,234.95,240.7,242.0,240.13333333333333,236.8863333333333,234.88033333333334,243.38033333333334,245.3863333333333,223.13333333333333,257.1333333333333,,,0.0,0.0,0.0,13,5
2019-08-27 13:10:00,245.45,245.5,245.3,245.5,68219,2019-08-27,2019,236.81666666666666,231.63333333333333,245.31666666666666,248.63333333333333,243.45,234.95,240.7,242.0,240.13333333333333,236.8863333333333,234.88033333333334,243.38033333333334,245.3863333333333,223.13333333333333,257.1333333333333,,,0.0,0.0,0.0,13,10
2019-08-27 13:15:00,245.5,245.75,245.3,245.65,68884,2019-08-27,2019,236.81666666666666,231.63333333333333,245.31666666666666,248.63333333333333,243.45,234.95,240.7,242.0,240.13333333333333,236.8863333333333,234.88033333333334,243.38033333333334,245.3863333333333,223.13333333333333,257.1333333333333,,,0.0,0.0,0.0,13,15
2019-08-27 13:20:00,245.65,245.85,245.35,245.75,74145,2019-08-27,2019,236.81666666666666,231.63333333333333,245.31666666666666,248.63333333333333,243.45,234.95,240.7,242.0,240.13333333333333,236.8863333333333,234.88033333333334,243.38033333333334,245.3863333333333,223.13333333333333,257.1333333333333,,,0.0,0.0,0.0,13,20
2019-08-27 13:25:00,245.5,245.8,245.4,245.7,108977,2019-08-27,2019,236.81666666666666,231.63333333333333,245.31666666666666,248.63333333333333,243.45,234.95,240.7,242.0,240.13333333333333,236.8863333333333,234.88033333333334,243.38033333333334,245.3863333333333,223.13333333333333,257.1333333333333,,,0.0,0.0,0.0,13,25
2019-08-27 13:30:00,245.4,245.65,244.75,245.0,104436,2019-08-27,2019,236.81666666666666,231.63333333333333,245.31666666666666,248.63333333333333,243.45,234.95,240.7,242.0,240.13333333333333,236.8863333333333,234.88033333333334,243.38033333333334,245.3863333333333,223.13333333333333,257.1333333333333,,,0.0,0.0,0.0,13,30
2019-08-27 13:35:00,244.7,245.25,244.55,245.2,81536,2019-08-27,2019,236.81666666666666,231.63333333333333,245.31666666666666,248.63333333333333,243.45,234.95,240.7,242.0,240.13333333333333,236.8863333333333,234.88033333333334,243.38033333333334,245.3863333333333,223.13333333333333,257.1333333333333,,,0.0,0.0,0.0,13,35
2019-08-27 13:40:00,245.15,245.2,244.5,244.85,94863,2019-08-27,2019,236.81666666666666,231.63333333333333,245.31666666666666,248.63333333333333,243.45,234.95,240.7,242.0,240.13333333333333,236.8863333333333,234.88033333333334,243.38033333333334,245.3863333333333,223.13333333333333,257.1333333333333,,,0.0,0.0,0.0,13,40
2019-08-27 13:45:00,244.85,245.3,244.75,244.95,61435,2019-08-27,2019,236.81666666666666,231.63333333333333,245.31666666666666,248.63333333333333,243.45,234.95,240.7,242.0,240.13333333333333,236.8863333333333,234.88033333333334,243.38033333333334,245.3863333333333,223.13333333333333,257.1333333333333,,,0.0,0.0,0.0,13,45
2019-08-27 13:50:00,245.0,245.25,244.9,245.0,46746,2019-08-27,2019,236.81666666666666,231.63333333333333,245.31666666666666,248.63333333333333,243.45,234.95,240.7,242.0,240.13333333333333,236.8863333333333,234.88033333333334,243.38033333333334,245.3863333333333,223.13333333333333,257.1333333333333,,,0.0,0.0,0.0,13,50
2019-08-27 13:55:00,245.0,245.3,244.7,244.85,86260,2019-08-27,2019,236.81666666666666,231.63333333333333,245.31666666666666,248.63333333333333,243.45,234.95,240.7,242.0,240.13333333333333,236.8863333333333,234.88033333333334,243.38033333333334,245.3863333333333,223.13333333333333,257.1333333333333,,,0.0,0.0,0.0,13,55
2019-08-27 14:00:00,244.85,245.0,244.5,244.85,94090,2019-08-27,2019,236.81666666666666,231.63333333333333,245.31666666666666,248.63333333333333,243.45,234.95,240.7,242.0,240.13333333333333,236.8863333333333,234.88033333333334,243.38033333333334,245.3863333333333,223.13333333333333,257.1333333333333,,,0.0,0.0,0.0,14,0
2019-08-27 14:05:00,244.8,245.05,244.65,244.95,111844,2019-08-27,2019,236.81666666666666,231.63333333333333,245.31666666666666,248.63333333333333,243.45,234.95,240.7,242.0,240.13333333333333,236.8863333333333,234.88033333333334,243.38033333333334,245.3863333333333,223.13333333333333,257.1333333333333,,,0.0,0.0,0.0,14,5
2019-08-27 14:10:00,244.9,245.5,244.9,244.95,180319,2019-08-27,2019,236.81666666666666,231.63333333333333,245.31666666666666,248.63333333333333,243.45,234.95,240.7,242.0,240.13333333333333,236.8863333333333,234.88033333333334,243.38033333333334,245.3863333333333,223.13333333333333,257.1333333333333,,,0.0,0.0,0.0,14,10
2019-08-27 14:15:00,245.0,245.1,244.8,244.85,86584,2019-08-27,2019,236.81666666666666,231.63333333333333,245.31666666666666,248.63333333333333,243.45,234.95,240.7,242.0,240.13333333333333,236.8863333333333,234.88033333333334,243.38033333333334,245.3863333333333,223.13333333333333,257.1333333333333,,,0.0,0.0,0.0,14,15
2019-08-27 14:20:00,244.8,245.1,244.8,244.9,69286,2019-08-27,2019,236.81666666666666,231.63333333333333,245.31666666666666,248.63333333333333,243.45,234.95,240.7,242.0,240.13333333333333,236.8863333333333,234.88033333333334,243.38033333333334,245.3863333333333,223.13333333333333,257.1333333333333,,,0.0,0.0,0.0,14,20
2019-08-27 14:25:00,244.9,245.3,244.85,245.1,86586,2019-08-27,2019,236.81666666666666,231.63333333333333,245.31666666666666,248.63333333333333,243.45,234.95,240.7,242.0,240.13333333333333,236.8863333333333,234.88033333333334,243.38033333333334,245.3863333333333,223.13333333333333,257.1333333333333,,,0.0,0.0,0.0,14,25
2019-08-27 14:30:00,245.15,245.4,245.1,245.15,106000,2019-08-27,2019,236.81666666666666,231.63333333333333,245.31666666666666,248.63333333333333,243.45,234.95,240.7,242.0,240.13333333333333,236.8863333333333,234.88033333333334,243.38033333333334,245.3863333333333,223.13333333333333,257.1333333333333,,,0.0,0.0,0.0,14,30
2019-08-27 14:35:00,245.2,245.5,245.0,245.2,256579,2019-08-27,2019,236.81666666666666,231.63333333333333,245.31666666666666,248.63333333333333,243.45,234.95,240.7,242.0,240.13333333333333,236.8863333333333,234.88033333333334,243.38033333333334,245.3863333333333,223.13333333333333,257.1333333333333,,,0.0,0.0,0.0,14,35
2019-08-27 14:40:00,245.2,245.4,245.0,245.15,116899,2019-08-27,2019,236.81666666666666,231.63333333333333,245.31666666666666,248.63333333333333,243.45,234.95,240.7,242.0,240.13333333333333,236.8863333333333,234.88033333333334,243.38033333333334,245.3863333333333,223.13333333333333,257.1333333333333,,,0.0,0.0,0.0,14,40
2019-08-27 14:45:00,245.1,245.15,244.9,245.0,142686,2019-08-27,2019,236.81666666666666,231.63333333333333,245.31666666666666,248.63333333333333,243.45,234.95,240.7,242.0,240.13333333333333,236.8863333333333,234.88033333333334,243.38033333333334,245.3863333333333,223.13333333333333,257.1333333333333,,,0.0,0.0,0.0,14,45
2019-08-27 14:50:00,245.0,245.4,244.85,245.2,125231,2019-08-27,2019,236.81666666666666,231.63333333333333,245.31666666666666,248.63333333333333,243.45,234.95,240.7,242.0,240.13333333333333,236.8863333333333,234.88033333333334,243.38033333333334,245.3863333333333,223.13333333333333,257.1333333333333,,,0.0,0.0,0.0,14,50
2019-08-27 14:55:00,245.2,245.35,244.9,245.1,135922,2019-08-27,2019,236.81666666666666,231.63333333333333,245.31666666666666,248.63333333333333,243.45,234.95,240.7,242.0,240.13333333333333,236.8863333333333,234.88033333333334,243.38033333333334,245.3863333333333,223.13333333333333,257.1333333333333,,,0.0,0.0,0.0,14,55
2019-08-27 15:00:00,245.15,245.2,244.7,245.2,1076969,2019-08-27,2019,236.81666666666666,231.63333333333333,245.31666666666666,248.63333333333333,243.45,234.95,240.7,242.0,240.13333333333333,236.8863333333333,234.88033333333334,243.38033333333334,245.3863333333333,223.13333333333333,257.1333333333333,,,0.0,0.0,0.0,15,0
2019-08-27 15:05:00,245.2,245.65,245.0,245.65,1036831,2019-08-27,2019,236.81666666666666,231.63333333333333,245.31666666666666,248.63333333333333,243.45,234.95,240.7,242.0,240.13333333333333,236.8863333333333,234.88033333333334,243.38033333333334,245.3863333333333,223.13333333333333,257.1333333333333,,,0.0,0.0,0.0,15,5
2019-08-27 15:10:00,245.65,245.95,245.45,245.8,938786,2019-08-27,2019,236.81666666666666,231.63333333333333,245.31666666666666,248.63333333333333,243.45,234.95,240.7,242.0,240.13333333333333,236.8863333333333,234.88033333333334,243.38033333333334,245.3863333333333,223.13333333333333,257.1333333333333,,,0.0,0.0,0.0,15,10
2019-08-27 15:15:00,245.9,246.0,245.35,245.45,943849,2019-08-27,2019,236.81666666666666,231.63333333333333,245.31666666666666,248.63333333333333,243.45,234.95,240.7,242.0,240.13333333333333,236.8863333333333,234.88033333333334,243.38033333333334,245.3863333333333,223.13333333333333,257.1333333333333,,,0.0,0.0,0.0,15,15
2019-08-27 15:20:00,245.5,246.3,245.45,246.2,925213,2019-08-27,2019,236.81666666666666,231.63333333333333,245.31666666666666,248.63333333333333,243.45,234.95,240.7,242.0,240.13333333333333,236.8863333333333,234.88033333333334,243.38033333333334,245.3863333333333,223.13333333333333,257.1333333333333,Exit,Sell,246.2,0.0,0.0,15,20
2019-08-27 15:25:00,246.25,246.25,245.05,246.0,811129,2019-08-27,2019,236.81666666666666,231.63333333333333,245.31666666666666,248.63333333333333,243.45,234.95,240.7,242.0,240.13333333333333,236.8863333333333,234.88033333333334,243.38033333333334,245.3863333333333,223.13333333333333,257.1333333333333,,,0.0,0.0,0.0,15,25
2019-08-28 09:15:00,246.15,246.7,245.55,246.5,205692,2019-08-28,2019,243.7,241.39999999999998,247.3,248.60000000000002,246.3,242.7,243.95,246.0,245.0,243.6248,242.77519999999998,246.3752,247.22480000000002,237.79999999999995,252.20000000000005,,,0.0,0.0,0.0,9,15
2019-08-28 09:20:00,246.5,247.5,246.05,247.35,236659,2019-08-28,2019,243.7,241.39999999999998,247.3,248.60000000000002,246.3,242.7,243.95,246.0,245.0,243.6248,242.77519999999998,246.3752,247.22480000000002,237.79999999999995,252.20000000000005,Entry,Buy,247.35,248.60000000000002,245.55,9,20
2019-08-28 09:25:00,247.45,247.65,247.0,247.0,189782,2019-08-28,2019,243.7,241.39999999999998,247.3,248.60000000000002,246.3,242.7,243.95,246.0,245.0,243.6248,242.77519999999998,246.3752,247.22480000000002,237.79999999999995,252.20000000000005,,,0.0,0.0,0.0,9,25
2019-08-28 09:30:00,247.0,247.4,246.7,247.15,160299,2019-08-28,2019,243.7,241.39999999999998,247.3,248.60000000000002,246.3,242.7,243.95,246.0,245.0,243.6248,242.77519999999998,246.3752,247.22480000000002,237.79999999999995,252.20000000000005,,,0.0,0.0,0.0,9,30
2019-08-28 09:35:00,247.15,247.3,246.7,246.8,107351,2019-08-28,2019,243.7,241.39999999999998,247.3,248.60000000000002,246.3,242.7,243.95,246.0,245.0,243.6248,242.77519999999998,246.3752,247.22480000000002,237.79999999999995,252.20000000000005,,,0.0,0.0,0.0,9,35
2019-08-28 09:40:00,246.7,246.95,246.25,246.7,117704,2019-08-28,2019,243.7,241.39999999999998,247.3,248.60000000000002,246.3,242.7,243.95,246.0,245.0,243.6248,242.77519999999998,246.3752,247.22480000000002,237.79999999999995,252.20000000000005,,,0.0,0.0,0.0,9,40
2019-08-28 09:45:00,246.6,246.9,246.1,246.6,187118,2019-08-28,2019,243.7,241.39999999999998,247.3,248.60000000000002,246.3,242.7,243.95,246.0,245.0,243.6248,242.77519999999998,246.3752,247.22480000000002,237.79999999999995,252.20000000000005,,,0.0,0.0,0.0,9,45
2019-08-28 09:50:00,246.55,247.2,246.3,246.85,254993,2019-08-28,2019,243.7,241.39999999999998,247.3,248.60000000000002,246.3,242.7,243.95,246.0,245.0,243.6248,242.77519999999998,246.3752,247.22480000000002,237.79999999999995,252.20000000000005,,,0.0,0.0,0.0,9,50
2019-08-28 09:55:00,246.9,247.0,245.9,246.3,178386,2019-08-28,2019,243.7,241.39999999999998,247.3,248.60000000000002,246.3,242.7,243.95,246.0,245.0,243.6248,242.77519999999998,246.3752,247.22480000000002,237.79999999999995,252.20000000000005,,,0.0,0.0,0.0,9,55
2019-08-28 10:00:00,246.35,246.4,245.95,246.05,137419,2019-08-28,2019,243.7,241.39999999999998,247.3,248.60000000000002,246.3,242.7,243.95,246.0,245.0,243.6248,242.77519999999998,246.3752,247.22480000000002,237.79999999999995,252.20000000000005,,,0.0,0.0,0.0,10,0
2019-08-28 10:05:00,246.15,246.3,245.5,245.8,85039,2019-08-28,2019,243.7,241.39999999999998,247.3,248.60000000000002,246.3,242.7,243.95,246.0,245.0,243.6248,242.77519999999998,246.3752,247.22480000000002,237.79999999999995,252.20000000000005,Exit,Sell,245.55,243.45,247.65,10,5
2019-08-28 10:10:00,245.8,245.9,245.5,245.85,90759,2019-08-28,2019,243.7,241.39999999999998,247.3,248.60000000000002,246.3,242.7,243.95,246.0,245.0,243.6248,242.77519999999998,246.3752,247.22480000000002,237.79999999999995,252.20000000000005,,,0.0,0.0,0.0,10,10
2019-08-28 10:15:00,245.85,246.05,245.7,246.05,116686,2019-08-28,2019,243.7,241.39999999999998,247.3,248.60000000000002,246.3,242.7,243.95,246.0,245.0,243.6248,242.77519999999998,246.3752,247.22480000000002,237.79999999999995,252.20000000000005,,,0.0,0.0,0.0,10,15
2019-08-28 10:20:00,246.05,246.3,245.85,246.25,62529,2019-08-28,2019,243.7,241.39999999999998,247.3,248.60000000000002,246.3,242.7,243.95,246.0,245.0,243.6248,242.77519999999998,246.3752,247.22480000000002,237.79999999999995,252.20000000000005,,,0.0,0.0,0.0,10,20
2019-08-28 10:25:00,246.25,247.1,246.15,247.0,168015,2019-08-28,2019,243.7,241.39999999999998,247.3,248.60000000000002,246.3,242.7,243.95,246.0,245.0,243.6248,242.77519999999998,246.3752,247.22480000000002,237.79999999999995,252.20000000000005,,,0.0,0.0,0.0,10,25
2019-08-28 10:30:00,246.9,247.05,246.7,246.95,74601,2019-08-28,2019,243.7,241.39999999999998,247.3,248.60000000000002,246.3,242.7,243.95,246.0,245.0,243.6248,242.77519999999998,246.3752,247.22480000000002,237.79999999999995,252.20000000000005,,,0.0,0.0,0.0,10,30
2019-08-28 10:35:00,246.95,247.0,246.7,246.75,84183,2019-08-28,2019,243.7,241.39999999999998,247.3,248.60000000000002,246.3,242.7,243.95,246.0,245.0,243.6248,242.77519999999998,246.3752,247.22480000000002,237.79999999999995,252.20000000000005,,,0.0,0.0,0.0,10,35
2019-08-28 10:40:00,246.75,246.85,246.35,246.55,65210,2019-08-28,2019,243.7,241.39999999999998,247.3,248.60000000000002,246.3,242.7,243.95,246.0,245.0,243.6248,242.77519999999998,246.3752,247.22480000000002,237.79999999999995,252.20000000000005,,,0.0,0.0,0.0,10,40
2019-08-28 10:45:00,246.55,246.6,246.2,246.3,73011,2019-08-28,2019,243.7,241.39999999999998,247.3,248.60000000000002,246.3,242.7,243.95,246.0,245.0,243.6248,242.77519999999998,246.3752,247.22480000000002,237.79999999999995,252.20000000000005,,,0.0,0.0,0.0,10,45
2019-08-28 10:50:00,246.3,246.45,246.05,246.1,71483,2019-08-28,2019,243.7,241.39999999999998,247.3,248.60000000000002,246.3,242.7,243.95,246.0,245.0,243.6248,242.77519999999998,246.3752,247.22480000000002,237.79999999999995,252.20000000000005,,,0.0,0.0,0.0,10,50
2019-08-28 10:55:00,246.1,246.35,245.9,245.95,66330,2019-08-28,2019,243.7,241.39999999999998,247.3,248.60000000000002,246.3,242.7,243.95,246.0,245.0,243.6248,242.77519999999998,246.3752,247.22480000000002,237.79999999999995,252.20000000000005,,,0.0,0.0,0.0,10,55
2019-08-28 11:00:00,246.0,246.25,245.9,246.2,53729,2019-08-28,2019,243.7,241.39999999999998,247.3,248.60000000000002,246.3,242.7,243.95,246.0,245.0,243.6248,242.77519999999998,246.3752,247.22480000000002,237.79999999999995,252.20000000000005,,,0.0,0.0,0.0,11,0
2019-08-28 11:05:00,246.2,246.5,246.05,246.4,88973,2019-08-28,2019,243.7,241.39999999999998,247.3,248.60000000000002,246.3,242.7,243.95,246.0,245.0,243.6248,242.77519999999998,246.3752,247.22480000000002,237.79999999999995,252.20000000000005,,,0.0,0.0,0.0,11,5
2019-08-28 11:10:00,246.4,246.85,246.35,246.7,68484,2019-08-28,2019,243.7,241.39999999999998,247.3,248.60000000000002,246.3,242.7,243.95,246.0,245.0,243.6248,242.77519999999998,246.3752,247.22480000000002,237.79999999999995,252.20000000000005,,,0.0,0.0,0.0,11,10
2019-08-28 11:15:00,246.7,246.8,246.4,246.75,60428,2019-08-28,2019,243.7,241.39999999999998,247.3,248.60000000000002,246.3,242.7,243.95,246.0,245.0,243.6248,242.77519999999998,246.3752,247.22480000000002,237.79999999999995,252.20000000000005,,,0.0,0.0,0.0,11,15
2019-08-28 11:20:00,246.75,246.95,246.7,246.8,64628,2019-08-28,2019,243.7,241.39999999999998,247.3,248.60000000000002,246.3,242.7,243.95,246.0,245.0,243.6248,242.77519999999998,246.3752,247.22480000000002,237.79999999999995,252.20000000000005,,,0.0,0.0,0.0,11,20
2019-08-28 11:25:00,246.8,246.9,246.55,246.8,54024,2019-08-28,2019,243.7,241.39999999999998,247.3,248.60000000000002,246.3,242.7,243.95,246.0,245.0,243.6248,242.77519999999998,246.3752,247.22480000000002,237.79999999999995,252.20000000000005,,,0.0,0.0,0.0,11,25
2019-08-28 11:30:00,246.8,246.8,246.4,246.45,70714,2019-08-28,2019,243.7,241.39999999999998,247.3,248.60000000000002,246.3,242.7,243.95,246.0,245.0,243.6248,242.77519999999998,246.3752,247.22480000000002,237.79999999999995,252.20000000000005,,,0.0,0.0,0.0,11,30
2019-08-28 11:35:00,246.5,246.6,246.05,246.3,78148,2019-08-28,2019,243.7,241.39999999999998,247.3,248.60000000000002,246.3,242.7,243.95,246.0,245.0,243.6248,242.77519999999998,246.3752,247.22480000000002,237.79999999999995,252.20000000000005,,,0.0,0.0,0.0,11,35
2019-08-28 11:40:00,246.35,246.65,246.25,246.35,55853,2019-08-28,2019,243.7,241.39999999999998,247.3,248.60000000000002,246.3,242.7,243.95,246.0,245.0,243.6248,242.77519999999998,246.3752,247.22480000000002,237.79999999999995,252.20000000000005,,,0.0,0.0,0.0,11,40
2019-08-28 11:45:00,246.4,246.45,246.25,246.45,36259,2019-08-28,2019,243.7,241.39999999999998,247.3,248.60000000000002,246.3,242.7,243.95,246.0,245.0,243.6248,242.77519999999998,246.3752,247.22480000000002,237.79999999999995,252.20000000000005,,,0.0,0.0,0.0,11,45
2019-08-28 11:50:00,246.45,246.6,246.0,246.0,327421,2019-08-28,2019,243.7,241.39999999999998,247.3,248.60000000000002,246.3,242.7,243.95,246.0,245.0,243.6248,242.77519999999998,246.3752,247.22480000000002,237.79999999999995,252.20000000000005,,,0.0,0.0,0.0,11,50
2019-08-28 11:55:00,246.0,246.1,245.6,245.65,61634,2019-08-28,2019,243.7,241.39999999999998,247.3,248.60000000000002,246.3,242.7,243.95,246.0,245.0,243.6248,242.77519999999998,246.3752,247.22480000000002,237.79999999999995,252.20000000000005,,,0.0,0.0,0.0,11,55
2019-08-28 12:00:00,245.65,245.85,245.4,245.75,115604,2019-08-28,2019,243.7,241.39999999999998,247.3,248.60000000000002,246.3,242.7,243.95,246.0,245.0,243.6248,242.77519999999998,246.3752,247.22480000000002,237.79999999999995,252.20000000000005,,,0.0,0.0,0.0,12,0
2019-08-28 12:05:00,245.8,246.05,245.7,245.95,71224,2019-08-28,2019,243.7,241.39999999999998,247.3,248.60000000000002,246.3,242.7,243.95,246.0,245.0,243.6248,242.77519999999998,246.3752,247.22480000000002,237.79999999999995,252.20000000000005,,,0.0,0.0,0.0,12,5
2019-08-28 12:10:00,245.95,246.0,245.65,245.85,41404,2019-08-28,2019,243.7,241.39999999999998,247.3,248.60000000000002,246.3,242.7,243.95,246.0,245.0,243.6248,242.77519999999998,246.3752,247.22480000000002,237.79999999999995,252.20000000000005,,,0.0,0.0,0.0,12,10
2019-08-28 12:15:00,245.85,245.85,245.05,245.2,87019,2019-08-28,2019,243.7,241.39999999999998,247.3,248.60000000000002,246.3,242.7,243.95,246.0,245.0,243.6248,242.77519999999998,246.3752,247.22480000000002,237.79999999999995,252.20000000000005,,,0.0,0.0,0.0,12,15
2019-08-28 12:20:00,245.3,245.7,245.1,245.5,69763,2019-08-28,2019,243.7,241.39999999999998,247.3,248.60000000000002,246.3,242.7,243.95,246.0,245.0,243.6248,242.77519999999998,246.3752,247.22480000000002,237.79999999999995,252.20000000000005,,,0.0,0.0,0.0,12,20
2019-08-28 12:25:00,245.5,245.6,244.75,244.9,124797,2019-08-28,2019,243.7,241.39999999999998,247.3,248.60000000000002,246.3,242.7,243.95,246.0,245.0,243.6248,242.77519999999998,246.3752,247.22480000000002,237.79999999999995,252.20000000000005,,,0.0,0.0,0.0,12,25
2019-08-28 12:30:00,244.85,245.65,244.6,245.4,127202,2019-08-28,2019,243.7,241.39999999999998,247.3,248.60000000000002,246.3,242.7,243.95,246.0,245.0,243.6248,242.77519999999998,246.3752,247.22480000000002,237.79999999999995,252.20000000000005,,,0.0,0.0,0.0,12,30
2019-08-28 12:35:00,245.4,245.5,244.55,244.55,73212,2019-08-28,2019,243.7,241.39999999999998,247.3,248.60000000000002,246.3,242.7,243.95,246.0,245.0,243.6248,242.77519999999998,246.3752,247.22480000000002,237.79999999999995,252.20000000000005,,,0.0,0.0,0.0,12,35
2019-08-28 12:40:00,244.6,244.8,244.3,244.5,98001,2019-08-28,2019,243.7,241.39999999999998,247.3,248.60000000000002,246.3,242.7,243.95,246.0,245.0,243.6248,242.77519999999998,246.3752,247.22480000000002,237.79999999999995,252.20000000000005,,,0.0,0.0,0.0,12,40
2019-08-28 12:45:00,244.45,244.65,244.1,244.25,85981,2019-08-28,2019,243.7,241.39999999999998,247.3,248.60000000000002,246.3,242.7,243.95,246.0,245.0,243.6248,242.77519999999998,246.3752,247.22480000000002,237.79999999999995,252.20000000000005,Exit,Buy,244.32225000000003,246.44745000000003,244.3,12,45
2019-08-28 12:50:00,244.1,244.25,243.65,244.1,170100,2019-08-28,2019,243.7,241.39999999999998,247.3,248.60000000000002,246.3,242.7,243.95,246.0,245.0,243.6248,242.77519999999998,246.3752,247.22480000000002,237.79999999999995,252.20000000000005,Exit,Sell,244.3,242.9752,247.65,12,50
2019-08-28 12:55:00,244.05,244.4,243.85,244.2,86446,2019-08-28,2019,243.7,241.39999999999998,247.3,248.60000000000002,246.3,242.7,243.95,246.0,245.0,243.6248,242.77519999999998,246.3752,247.22480000000002,237.79999999999995,252.20000000000005,,,0.0,0.0,0.0,12,55
2019-08-28 13:00:00,244.2,244.2,243.55,244.0,103345,2019-08-28,2019,243.7,241.39999999999998,247.3,248.60000000000002,246.3,242.7,243.95,246.0,245.0,243.6248,242.77519999999998,246.3752,247.22480000000002,237.79999999999995,252.20000000000005,,,0.0,0.0,0.0,13,0
2019-08-28 13:05:00,244.0,244.05,243.75,244.0,39575,2019-08-28,2019,243.7,241.39999999999998,247.3,248.60000000000002,246.3,242.7,243.95,246.0,245.0,243.6248,242.77519999999998,246.3752,247.22480000000002,237.79999999999995,252.20000000000005,,,0.0,0.0,0.0,13,5
2019-08-28 13:10:00,244.0,244.1,243.8,244.0,40594,2019-08-28,2019,243.7,241.39999999999998,247.3,248.60000000000002,246.3,242.7,243.95,246.0,245.0,243.6248,242.77519999999998,246.3752,247.22480000000002,237.79999999999995,252.20000000000005,,,0.0,0.0,0.0,13,10
2019-08-28 13:15:00,244.0,244.2,243.75,244.1,120038,2019-08-28,2019,243.7,241.39999999999998,247.3,248.60000000000002,246.3,242.7,243.95,246.0,245.0,243.6248,242.77519999999998,246.3752,247.22480000000002,237.79999999999995,252.20000000000005,,,0.0,0.0,0.0,13,15
2019-08-28 13:20:00,244.1,244.2,243.7,243.9,82430,2019-08-28,2019,243.7,241.39999999999998,247.3,248.60000000000002,246.3,242.7,243.95,246.0,245.0,243.6248,242.77519999999998,246.3752,247.22480000000002,237.79999999999995,252.20000000000005,,,0.0,0.0,0.0,13,20
2019-08-28 13:25:00,243.9,244.15,243.8,243.9,145423,2019-08-28,2019,243.7,241.39999999999998,247.3,248.60000000000002,246.3,242.7,243.95,246.0,245.0,243.6248,242.77519999999998,246.3752,247.22480000000002,237.79999999999995,252.20000000000005,,,0.0,0.0,0.0,13,25
2019-08-28 13:30:00,243.9,244.35,243.8,244.3,93323,2019-08-28,2019,243.7,241.39999999999998,247.3,248.60000000000002,246.3,242.7,243.95,246.0,245.0,243.6248,242.77519999999998,246.3752,247.22480000000002,237.79999999999995,252.20000000000005,,,0.0,0.0,0.0,13,30
2019-08-28 13:35:00,244.3,244.5,244.1,244.35,46412,2019-08-28,2019,243.7,241.39999999999998,247.3,248.60000000000002,246.3,242.7,243.95,246.0,245.0,243.6248,242.77519999999998,246.3752,247.22480000000002,237.79999999999995,252.20000000000005,,,0.0,0.0,0.0,13,35
2019-08-28 13:40:00,244.35,244.75,244.35,244.65,58008,2019-08-28,2019,243.7,241.39999999999998,247.3,248.60000000000002,246.3,242.7,243.95,246.0,245.0,243.6248,242.77519999999998,246.3752,247.22480000000002,237.79999999999995,252.20000000000005,,,0.0,0.0,0.0,13,40
2019-08-28 13:45:00,244.65,244.85,243.7,243.95,1129008,2019-08-28,2019,243.7,241.39999999999998,247.3,248.60000000000002,246.3,242.7,243.95,246.0,245.0,243.6248,242.77519999999998,246.3752,247.22480000000002,237.79999999999995,252.20000000000005,,,0.0,0.0,0.0,13,45
2019-08-28 13:50:00,244.0,244.2,243.9,244.1,43569,2019-08-28,2019,243.7,241.39999999999998,247.3,248.60000000000002,246.3,242.7,243.95,246.0,245.0,243.6248,242.77519999999998,246.3752,247.22480000000002,237.79999999999995,252.20000000000005,,,0.0,0.0,0.0,13,50
2019-08-28 13:55:00,244.1,244.4,244.0,244.4,32619,2019-08-28,2019,243.7,241.39999999999998,247.3,248.60000000000002,246.3,242.7,243.95,246.0,245.0,243.6248,242.77519999999998,246.3752,247.22480000000002,237.79999999999995,252.20000000000005,,,0.0,0.0,0.0,13,55
2019-08-28 14:00:00,244.4,244.4,243.85,244.1,43602,2019-08-28,2019,243.7,241.39999999999998,247.3,248.60000000000002,246.3,242.7,243.95,246.0,245.0,243.6248,242.77519999999998,246.3752,247.22480000000002,237.79999999999995,252.20000000000005,,,0.0,0.0,0.0,14,0
2019-08-28 14:05:00,244.1,244.3,244.05,244.05,28784,2019-08-28,2019,243.7,241.39999999999998,247.3,248.60000000000002,246.3,242.7,243.95,246.0,245.0,243.6248,242.77519999999998,246.3752,247.22480000000002,237.79999999999995,252.20000000000005,,,0.0,0.0,0.0,14,5
2019-08-28 14:10:00,244.15,244.3,243.6,243.75,61681,2019-08-28,2019,243.7,241.39999999999998,247.3,248.60000000000002,246.3,242.7,243.95,246.0,245.0,243.6248,242.77519999999998,246.3752,247.22480000000002,237.79999999999995,252.20000000000005,,,0.0,0.0,0.0,14,10
2019-08-28 14:15:00,243.75,244.0,243.4,243.85,77522,2019-08-28,2019,243.7,241.39999999999998,247.3,248.60000000000002,246.3,242.7,243.95,246.0,245.0,243.6248,242.77519999999998,246.3752,247.22480000000002,237.79999999999995,252.20000000000005,,,0.0,0.0,0.0,14,15
2019-08-28 14:20:00,243.85,244.15,243.7,244.0,55107,2019-08-28,2019,243.7,241.39999999999998,247.3,248.60000000000002,246.3,242.7,243.95,246.0,245.0,243.6248,242.77519999999998,246.3752,247.22480000000002,237.79999999999995,252.20000000000005,,,0.0,0.0,0.0,14,20
2019-08-28 14:25:00,244.0,244.25,243.3,243.65,63510,2019-08-28,2019,243.7,241.39999999999998,247.3,248.60000000000002,246.3,242.7,243.95,246.0,245.0,243.6248,242.77519999999998,246.3752,247.22480000000002,237.79999999999995,252.20000000000005,,,0.0,0.0,0.0,14,25
2019-08-28 14:30:00,243.55,243.75,243.1,243.15,93689,2019-08-28,2019,243.7,241.39999999999998,247.3,248.60000000000002,246.3,242.7,243.95,246.0,245.0,243.6248,242.77519999999998,246.3752,247.22480000000002,237.79999999999995,252.20000000000005,,,0.0,0.0,0.0,14,30
2019-08-28 14:35:00,243.15,243.7,243.15,243.45,94843,2019-08-28,2019,243.7,241.39999999999998,247.3,248.60000000000002,246.3,242.7,243.95,246.0,245.0,243.6248,242.77519999999998,246.3752,247.22480000000002,237.79999999999995,252.20000000000005,,,0.0,0.0,0.0,14,35
2019-08-28 14:40:00,243.5,243.75,243.45,243.7,54790,2019-08-28,2019,243.7,241.39999999999998,247.3,248.60000000000002,246.3,242.7,243.95,246.0,245.0,243.6248,242.77519999999998,246.3752,247.22480000000002,237.79999999999995,252.20000000000005,,,0.0,0.0,0.0,14,40
2019-08-28 14:45:00,243.75,244.65,243.6,244.55,96928,2019-08-28,2019,243.7,241.39999999999998,247.3,248.60000000000002,246.3,242.7,243.95,246.0,245.0,243.6248,242.77519999999998,246.3752,247.22480000000002,237.79999999999995,252.20000000000005,,,0.0,0.0,0.0,14,45
2019-08-28 14:50:00,244.65,245.15,244.4,245.15,165071,2019-08-28,2019,243.7,241.39999999999998,247.3,248.60000000000002,246.3,242.7,243.95,246.0,245.0,243.6248,242.77519999999998,246.3752,247.22480000000002,237.79999999999995,252.20000000000005,,,0.0,0.0,0.0,14,50
2019-08-28 14:55:00,245.05,245.9,244.9,245.2,108805,2019-08-28,2019,243.7,241.39999999999998,247.3,248.60000000000002,246.3,242.7,243.95,246.0,245.0,243.6248,242.77519999999998,246.3752,247.22480000000002,237.79999999999995,252.20000000000005,,,0.0,0.0,0.0,14,55
2019-08-28 15:00:00,245.2,246.4,245.1,246.3,185169,2019-08-28,2019,243.7,241.39999999999998,247.3,248.60000000000002,246.3,242.7,243.95,246.0,245.0,243.6248,242.77519999999998,246.3752,247.22480000000002,237.79999999999995,252.20000000000005,,,0.0,0.0,0.0,15,0
2019-08-28 15:05:00,246.3,246.6,245.8,246.0,336007,2019-08-28,2019,243.7,241.39999999999998,247.3,248.60000000000002,246.3,242.7,243.95,246.0,245.0,243.6248,242.77519999999998,246.3752,247.22480000000002,237.79999999999995,252.20000000000005,,,0.0,0.0,0.0,15,5
2019-08-28 15:10:00,246.1,246.2,245.45,245.7,177963,2019-08-28,2019,243.7,241.39999999999998,247.3,248.60000000000002,246.3,242.7,243.95,246.0,245.0,243.6248,242.77519999999998,246.3752,247.22480000000002,237.79999999999995,252.20000000000005,,,0.0,0.0,0.0,15,10
2019-08-28 15:15:00,245.65,245.9,245.55,245.75,142689,2019-08-28,2019,243.7,241.39999999999998,247.3,248.60000000000002,246.3,242.7,243.95,246.0,245.0,243.6248,242.77519999999998,246.3752,247.22480000000002,237.79999999999995,252.20000000000005,,,0.0,0.0,0.0,15,15
2019-08-28 15:20:00,245.75,246.0,245.7,245.85,131260,2019-08-28,2019,243.7,241.39999999999998,247.3,248.60000000000002,246.3,242.7,243.95,246.0,245.0,243.6248,242.77519999999998,246.3752,247.22480000000002,237.79999999999995,252.20000000000005,Exit,Buy,245.85,0.0,0.0,15,20
2019-08-28 15:25:00,245.85,246.05,245.2,245.5,118545,2019-08-28,2019,243.7,241.39999999999998,247.3,248.60000000000002,246.3,242.7,243.95,246.0,245.0,243.6248,242.77519999999998,246.3752,247.22480000000002,237.79999999999995,252.20000000000005,,,0.0,0.0,0.0,15,25
2019-08-29 09:15:00,243.95,244.95,243.2,243.6,172520,2019-08-29,2019,243.1833333333333,240.86666666666665,247.73333333333332,249.96666666666667,247.65,243.1,246.15,245.5,245.41666666666666,243.67856666666665,242.60476666666665,247.15476666666666,248.22856666666667,236.31666666666663,254.51666666666668,,,0.0,0.0,0.0,9,15
2019-08-29 09:20:00,243.55,243.9,243.35,243.35,97795,2019-08-29,2019,243.1833333333333,240.86666666666665,247.73333333333332,249.96666666666667,247.65,243.1,246.15,245.5,245.41666666666666,243.67856666666665,242.60476666666665,247.15476666666666,248.22856666666667,236.31666666666663,254.51666666666668,,,0.0,0.0,0.0,9,20
2019-08-29 09:25:00,243.4,244.1,242.8,243.9,134464,2019-08-29,2019,243.1833333333333,240.86666666666665,247.73333333333332,249.96666666666667,247.65,243.1,246.15,245.5,245.41666666666666,243.67856666666665,242.60476666666665,247.15476666666666,248.22856666666667,236.31666666666663,254.51666666666668,,,0.0,0.0,0.0,9,25
2019-08-29 09:30:00,243.9,244.65,243.9,244.4,98085,2019-08-29,2019,243.1833333333333,240.86666666666665,247.73333333333332,249.96666666666667,247.65,243.1,246.15,245.5,245.41666666666666,243.67856666666665,242.60476666666665,247.15476666666666,248.22856666666667,236.31666666666663,254.51666666666668,,,0.0,0.0,0.0,9,30
2019-08-29 09:35:00,244.4,244.45,244.0,244.2,47971,2019-08-29,2019,243.1833333333333,240.86666666666665,247.73333333333332,249.96666666666667,247.65,243.1,246.15,245.5,245.41666666666666,243.67856666666665,242.60476666666665,247.15476666666666,248.22856666666667,236.31666666666663,254.51666666666668,,,0.0,0.0,0.0,9,35
2019-08-29 09:40:00,244.2,244.5,243.9,244.35,38715,2019-08-29,2019,243.1833333333333,240.86666666666665,247.73333333333332,249.96666666666667,247.65,243.1,246.15,245.5,245.41666666666666,243.67856666666665,242.60476666666665,247.15476666666666,248.22856666666667,236.31666666666663,254.51666666666668,,,0.0,0.0,0.0,9,40
2019-08-29 09:45:00,244.35,244.6,244.05,244.2,42207,2019-08-29,2019,243.1833333333333,240.86666666666665,247.73333333333332,249.96666666666667,247.65,243.1,246.15,245.5,245.41666666666666,243.67856666666665,242.60476666666665,247.15476666666666,248.22856666666667,236.31666666666663,254.51666666666668,,,0.0,0.0,0.0,9,45
2019-08-29 09:50:00,244.2,244.5,244.05,244.35,47684,2019-08-29,2019,243.1833333333333,240.86666666666665,247.73333333333332,249.96666666666667,247.65,243.1,246.15,245.5,245.41666666666666,243.67856666666665,242.60476666666665,247.15476666666666,248.22856666666667,236.31666666666663,254.51666666666668,,,0.0,0.0,0.0,9,50
2019-08-29 09:55:00,244.35,244.8,244.25,244.35,63852,2019-08-29,2019,243.1833333333333,240.86666666666665,247.73333333333332,249.96666666666667,247.65,243.1,246.15,245.5,245.41666666666666,243.67856666666665,242.60476666666665,247.15476666666666,248.22856666666667,236.31666666666663,254.51666666666668,,,0.0,0.0,0.0,9,55
2019-08-29 10:00:00,244.35,244.45,244.0,244.15,76443,2019-08-29,2019,243.1833333333333,240.86666666666665,247.73333333333332,249.96666666666667,247.65,243.1,246.15,245.5,245.41666666666666,243.67856666666665,242.60476666666665,247.15476666666666,248.22856666666667,236.31666666666663,254.51666666666668,,,0.0,0.0,0.0,10,0
2019-08-29 10:05:00,244.1,244.4,243.8,244.4,72632,2019-08-29,2019,243.1833333333333,240.86666666666665,247.73333333333332,249.96666666666667,247.65,243.1,246.15,245.5,245.41666666666666,243.67856666666665,242.60476666666665,247.15476666666666,248.22856666666667,236.31666666666663,254.51666666666668,,,0.0,0.0,0.0,10,5
2019-08-29 10:10:00,244.3,244.5,244.15,244.45,44893,2019-08-29,2019,243.1833333333333,240.86666666666665,247.73333333333332,249.96666666666667,247.65,243.1,246.15,245.5,245.41666666666666,243.67856666666665,242.60476666666665,247.15476666666666,248.22856666666667,236.31666666666663,254.51666666666668,,,0.0,0.0,0.0,10,10
2019-08-29 10:15:00,244.35,244.45,244.1,244.3,20126,2019-08-29,2019,243.1833333333333,240.86666666666665,247.73333333333332,249.96666666666667,247.65,243.1,246.15,245.5,245.41666666666666,243.67856666666665,242.60476666666665,247.15476666666666,248.22856666666667,236.31666666666663,254.51666666666668,,,0.0,0.0,0.0,10,15
2019-08-29 10:20:00,244.25,244.45,244.2,244.4,14667,2019-08-29,2019,243.1833333333333,240.86666666666665,247.73333333333332,249.96666666666667,247.65,243.1,246.15,245.5,245.41666666666666,243.67856666666665,242.60476666666665,247.15476666666666,248.22856666666667,236.31666666666663,254.51666666666668,,,0.0,0.0,0.0,10,20
2019-08-29 10:25:00,244.4,244.45,244.1,244.45,29055,2019-08-29,2019,243.1833333333333,240.86666666666665,247.73333333333332,249.96666666666667,247.65,243.1,246.15,245.5,245.41666666666666,243.67856666666665,242.60476666666665,247.15476666666666,248.22856666666667,236.31666666666663,254.51666666666668,,,0.0,0.0,0.0,10,25
2019-08-29 10:30:00,244.4,244.7,244.3,244.6,34095,2019-08-29,2019,243.1833333333333,240.86666666666665,247.73333333333332,249.96666666666667,247.65,243.1,246.15,245.5,245.41666666666666,243.67856666666665,242.60476666666665,247.15476666666666,248.22856666666667,236.31666666666663,254.51666666666668,,,0.0,0.0,0.0,10,30
2019-08-29 10:35:00,244.55,244.75,244.05,244.4,35966,2019-08-29,2019,243.1833333333333,240.86666666666665,247.73333333333332,249.96666666666667,247.65,243.1,246.15,245.5,245.41666666666666,243.67856666666665,242.60476666666665,247.15476666666666,248.22856666666667,236.31666666666663,254.51666666666668,,,0.0,0.0,0.0,10,35
2019-08-29 10:40:00,244.3,244.45,243.8,244.15,38679,2019-08-29,2019,243.1833333333333,240.86666666666665,247.73333333333332,249.96666666666667,247.65,243.1,246.15,245.5,245.41666666666666,243.67856666666665,242.60476666666665,247.15476666666666,248.22856666666667,236.31666666666663,254.51666666666668,,,0.0,0.0,0.0,10,40
2019-08-29 10:45:00,244.15,244.15,243.85,244.05,41705,2019-08-29,2019,243.1833333333333,240.86666666666665,247.73333333333332,249.96666666666667,247.65,243.1,246.15,245.5,245.41666666666666,243.67856666666665,242.60476666666665,247.15476666666666,248.22856666666667,236.31666666666663,254.51666666666668,,,0.0,0.0,0.0,10,45
2019-08-29 10:50:00,244.0,244.35,243.9,244.25,38548,2019-08-29,2019,243.1833333333333,240.86666666666665,247.73333333333332,249.96666666666667,247.65,243.1,246.15,245.5,245.41666666666666,243.67856666666665,242.60476666666665,247.15476666666666,248.22856666666667,236.31666666666663,254.51666666666668,,,0.0,0.0,0.0,10,50
2019-08-29 10:55:00,244.35,244.5,244.05,244.3,55858,2019-08-29,2019,243.1833333333333,240.86666666666665,247.73333333333332,249.96666666666667,247.65,243.1,246.15,245.5,245.41666666666666,243.67856666666665,242.60476666666665,247.15476666666666,248.22856666666667,236.31666666666663,254.51666666666668,,,0.0,0.0,0.0,10,55
2019-08-29 11:00:00,244.3,245.4,244.2,245.2,613637,2019-08-29,2019,243.1833333333333,240.86666666666665,247.73333333333332,249.96666666666667,247.65,243.1,246.15,245.5,245.41666666666666,243.67856666666665,242.60476666666665,247.15476666666666,248.22856666666667,236.31666666666663,254.51666666666668,Entry,Buy,245.2,247.15476666666666,242.8,11,0
2019-08-29 11:05:00,245.3,245.3,244.9,245.15,71222,2019-08-29,2019,243.1833333333333,240.86666666666665,247.73333333333332,249.96666666666667,247.65,243.1,246.15,245.5,245.41666666666666,243.67856666666665,242.60476666666665,247.15476666666666,248.22856666666667,236.31666666666663,254.51666666666668,,,0.0,0.0,0.0,11,5
2019-08-29 11:10:00,245.15,245.25,245.0,245.05,29397,2019-08-29,2019,243.1833333333333,240.86666666666665,247.73333333333332,249.96666666666667,247.65,243.1,246.15,245.5,245.41666666666666,243.67856666666665,242.60476666666665,247.15476666666666,248.22856666666667,236.31666666666663,254.51666666666668,,,0.0,0.0,0.0,11,10
2019-08-29 11:15:00,245.0,245.3,245.0,245.2,48717,2019-08-29,2019,243.1833333333333,240.86666666666665,247.73333333333332,249.96666666666667,247.65,243.1,246.15,245.5,245.41666666666666,243.67856666666665,242.60476666666665,247.15476666666666,248.22856666666667,236.31666666666663,254.51666666666668,,,0.0,0.0,0.0,11,15
2019-08-29 11:20:00,245.2,245.25,244.75,244.8,42301,2019-08-29,2019,243.1833333333333,240.86666666666665,247.73333333333332,249.96666666666667,247.65,243.1,246.15,245.5,245.41666666666666,243.67856666666665,242.60476666666665,247.15476666666666,248.22856666666667,236.31666666666663,254.51666666666668,,,0.0,0.0,0.0,11,20
2019-08-29 11:25:00,244.8,245.05,244.7,245.0,39287,2019-08-29,2019,243.1833333333333,240.86666666666665,247.73333333333332,249.96666666666667,247.65,243.1,246.15,245.5,245.41666666666666,243.67856666666665,242.60476666666665,247.15476666666666,248.22856666666667,236.31666666666663,254.51666666666668,,,0.0,0.0,0.0,11,25
2019-08-29 11:30:00,245.05,245.05,244.65,244.7,64934,2019-08-29,2019,243.1833333333333,240.86666666666665,247.73333333333332,249.96666666666667,247.65,243.1,246.15,245.5,245.41666666666666,243.67856666666665,242.60476666666665,247.15476666666666,248.22856666666667,236.31666666666663,254.51666666666668,,,0.0,0.0,0.0,11,30
2019-08-29 11:35:00,244.7,244.8,244.2,244.75,63783,2019-08-29,2019,243.1833333333333,240.86666666666665,247.73333333333332,249.96666666666667,247.65,243.1,246.15,245.5,245.41666666666666,243.67856666666665,242.60476666666665,247.15476666666666,248.22856666666667,236.31666666666663,254.51666666666668,,,0.0,0.0,0.0,11,35
2019-08-29 11:40:00,244.75,244.9,244.6,244.8,15066,2019-08-29,2019,243.1833333333333,240.86666666666665,247.73333333333332,249.96666666666667,247.65,243.1,246.15,245.5,245.41666666666666,243.67856666666665,242.60476666666665,247.15476666666666,248.22856666666667,236.31666666666663,254.51666666666668,,,0.0,0.0,0.0,11,40
2019-08-29 11:45:00,244.8,244.9,244.2,244.5,63172,2019-08-29,2019,243.1833333333333,240.86666666666665,247.73333333333332,249.96666666666667,247.65,243.1,246.15,245.5,245.41666666666666,243.67856666666665,242.60476666666665,247.15476666666666,248.22856666666667,236.31666666666663,254.51666666666668,,,0.0,0.0,0.0,11,45
2019-08-29 11:50:00,244.5,244.65,244.1,244.35,48181,2019-08-29,2019,243.1833333333333,240.86666666666665,247.73333333333332,249.96666666666667,247.65,243.1,246.15,245.5,245.41666666666666,243.67856666666665,242.60476666666665,247.15476666666666,248.22856666666667,236.31666666666663,254.51666666666668,,,0.0,0.0,0.0,11,50
2019-08-29 11:55:00,244.5,244.5,243.9,244.1,59919,2019-08-29,2019,243.1833333333333,240.86666666666665,247.73333333333332,249.96666666666667,247.65,243.1,246.15,245.5,245.41666666666666,243.67856666666665,242.60476666666665,247.15476666666666,248.22856666666667,236.31666666666663,254.51666666666668,,,0.0,0.0,0.0,11,55
2019-08-29 12:00:00,244.1,244.35,243.85,244.05,58866,2019-08-29,2019,243.1833333333333,240.86666666666665,247.73333333333332,249.96666666666667,247.65,243.1,246.15,245.5,245.41666666666666,243.67856666666665,242.60476666666665,247.15476666666666,248.22856666666667,236.31666666666663,254.51666666666668,,,0.0,0.0,0.0,12,0
2019-08-29 12:05:00,244.05,244.3,243.8,243.9,57332,2019-08-29,2019,243.1833333333333,240.86666666666665,247.73333333333332,249.96666666666667,247.65,243.1,246.15,245.5,245.41666666666666,243.67856666666665,242.60476666666665,247.15476666666666,248.22856666666667,236.31666666666663,254.51666666666668,,,0.0,0.0,0.0,12,5
2019-08-29 12:10:00,243.9,243.9,243.5,243.65,38417,2019-08-29,2019,243.1833333333333,240.86666666666665,247.73333333333332,249.96666666666667,247.65,243.1,246.15,245.5,245.41666666666666,243.67856666666665,242.60476666666665,247.15476666666666,248.22856666666667,236.31666666666663,254.51666666666668,,,0.0,0.0,0.0,12,10
2019-08-29 12:15:00,243.65,243.85,243.25,243.6,67695,2019-08-29,2019,243.1833333333333,240.86666666666665,247.73333333333332,249.96666666666667,247.65,243.1,246.15,245.5,245.41666666666666,243.67856666666665,242.60476666666665,247.15476666666666,248.22856666666667,236.31666666666663,254.51666666666668,,,0.0,0.0,0.0,12,15
2019-08-29 12:20:00,243.45,243.85,243.3,243.85,32650,2019-08-29,2019,243.1833333333333,240.86666666666665,247.73333333333332,249.96666666666667,247.65,243.1,246.15,245.5,245.41666666666666,243.67856666666665,242.60476666666665,247.15476666666666,248.22856666666667,236.31666666666663,254.51666666666668,,,0.0,0.0,0.0,12,20
2019-08-29 12:25:00,243.85,243.95,243.3,243.4,54101,2019-08-29,2019,243.1833333333333,240.86666666666665,247.73333333333332,249.96666666666667,247.65,243.1,246.15,245.5,245.41666666666666,243.67856666666665,242.60476666666665,247.15476666666666,248.22856666666667,236.31666666666663,254.51666666666668,,,0.0,0.0,0.0,12,25
2019-08-29 12:30:00,243.4,243.6,243.2,243.4,40639,2019-08-29,2019,243.1833333333333,240.86666666666665,247.73333333333332,249.96666666666667,247.65,243.1,246.15,245.5,245.41666666666666,243.67856666666665,242.60476666666665,247.15476666666666,248.22856666666667,236.31666666666663,254.51666666666668,,,0.0,0.0,0.0,12,30
2019-08-29 12:35:00,243.4,243.4,243.15,243.3,19234,2019-08-29,2019,243.1833333333333,240.86666666666665,247.73333333333332,249.96666666666667,247.65,243.1,246.15,245.5,245.41666666666666,243.67856666666665,242.60476666666665,247.15476666666666,248.22856666666667,236.31666666666663,254.51666666666668,,,0.0,0.0,0.0,12,35
2019-08-29 12:40:00,243.3,243.95,243.3,243.8,31846,2019-08-29,2019,243.1833333333333,240.86666666666665,247.73333333333332,249.96666666666667,247.65,243.1,246.15,245.5,245.41666666666666,243.67856666666665,242.60476666666665,247.15476666666666,248.22856666666667,236.31666666666663,254.51666666666668,,,0.0,0.0,0.0,12,40
2019-08-29 12:45:00,243.8,244.0,243.55,243.8,37950,2019-08-29,2019,243.1833333333333,240.86666666666665,247.73333333333332,249.96666666666667,247.65,243.1,246.15,245.5,245.41666666666666,243.67856666666665,242.60476666666665,247.15476666666666,248.22856666666667,236.31666666666663,254.51666666666668,,,0.0,0.0,0.0,12,45
2019-08-29 12:50:00,243.8,244.2,243.65,244.1,15857,2019-08-29,2019,243.1833333333333,240.86666666666665,247.73333333333332,249.96666666666667,247.65,243.1,246.15,245.5,245.41666666666666,243.67856666666665,242.60476666666665,247.15476666666666,248.22856666666667,236.31666666666663,254.51666666666668,,,0.0,0.0,0.0,12,50
2019-08-29 12:55:00,244.1,244.3,243.8,244.0,17168,2019-08-29,2019,243.1833333333333,240.86666666666665,247.73333333333332,249.96666666666667,247.65,243.1,246.15,245.5,245.41666666666666,243.67856666666665,242.60476666666665,247.15476666666666,248.22856666666667,236.31666666666663,254.51666666666668,,,0.0,0.0,0.0,12,55
2019-08-29 13:00:00,244.0,244.5,243.75,244.45,31250,2019-08-29,2019,243.1833333333333,240.86666666666665,247.73333333333332,249.96666666666667,247.65,243.1,246.15,245.5,245.41666666666666,243.67856666666665,242.60476666666665,247.15476666666666,248.22856666666667,236.31666666666663,254.51666666666668,,,0.0,0.0,0.0,13,0
2019-08-29 13:05:00,244.45,244.5,243.65,243.85,44217,2019-08-29,2019,243.1833333333333,240.86666666666665,247.73333333333332,249.96666666666667,247.65,243.1,246.15,245.5,245.41666666666666,243.67856666666665,242.60476666666665,247.15476666666666,248.22856666666667,236.31666666666663,254.51666666666668,,,0.0,0.0,0.0,13,5
2019-08-29 13:10:00,243.85,244.2,243.55,243.7,49007,2019-08-29,2019,243.1833333333333,240.86666666666665,247.73333333333332,249.96666666666667,247.65,243.1,246.15,245.5,245.41666666666666,243.67856666666665,242.60476666666665,247.15476666666666,248.22856666666667,236.31666666666663,254.51666666666668,,,0.0,0.0,0.0,13,10
2019-08-29 13:15:00,243.7,244.5,243.6,244.4,32482,2019-08-29,2019,243.1833333333333,240.86666666666665,247.73333333333332,249.96666666666667,247.65,243.1,246.15,245.5,245.41666666666666,243.67856666666665,242.60476666666665,247.15476666666666,248.22856666666667,236.31666666666663,254.51666666666668,,,0.0,0.0,0.0,13,15
2019-08-29 13:20:00,244.4,244.5,243.8,244.3,46188,2019-08-29,2019,243.1833333333333,240.86666666666665,247.73333333333332,249.96666666666667,247.65,243.1,246.15,245.5,245.41666666666666,243.67856666666665,242.60476666666665,247.15476666666666,248.22856666666667,236.31666666666663,254.51666666666668,,,0.0,0.0,0.0,13,20
2019-08-29 13:25:00,244.25,244.3,243.6,243.8,62155,2019-08-29,2019,243.1833333333333,240.86666666666665,247.73333333333332,249.96666666666667,247.65,243.1,246.15,245.5,245.41666666666666,243.67856666666665,242.60476666666665,247.15476666666666,248.22856666666667,236.31666666666663,254.51666666666668,,,0.0,0.0,0.0,13,25
2019-08-29 13:30:00,243.8,244.0,243.35,243.5,64393,2019-08-29,2019,243.1833333333333,240.86666666666665,247.73333333333332,249.96666666666667,247.65,243.1,246.15,245.5,245.41666666666666,243.67856666666665,242.60476666666665,247.15476666666666,248.22856666666667,236.31666666666663,254.51666666666668,,,0.0,0.0,0.0,13,30
2019-08-29 13:35:00,243.5,243.8,243.1,243.25,87064,2019-08-29,2019,243.1833333333333,240.86666666666665,247.73333333333332,249.96666666666667,247.65,243.1,246.15,245.5,245.41666666666666,243.67856666666665,242.60476666666665,247.15476666666666,248.22856666666667,236.31666666666663,254.51666666666668,,,0.0,0.0,0.0,13,35
2019-08-29 13:40:00,243.2,243.45,242.75,243.05,128897,2019-08-29,2019,243.1833333333333,240.86666666666665,247.73333333333332,249.96666666666667,247.65,243.1,246.15,245.5,245.41666666666666,243.67856666666665,242.60476666666665,247.15476666666666,248.22856666666667,236.31666666666663,254.51666666666668,Exit,Sell,242.8,240.61666666666665,245.4,13,40
2019-08-29 13:45:00,243.05,243.75,243.0,243.65,67791,2019-08-29,2019,243.1833333333333,240.86666666666665,247.73333333333332,249.96666666666667,247.65,243.1,246.15,245.5,245.41666666666666,243.67856666666665,242.60476666666665,247.15476666666666,248.22856666666667,236.31666666666663,254.51666666666668,,,0.0,0.0,0.0,13,45
2019-08-29 13:50:00,243.65,244.1,243.6,244.05,24736,2019-08-29,2019,243.1833333333333,240.86666666666665,247.73333333333332,249.96666666666667,247.65,243.1,246.15,245.5,245.41666666666666,243.67856666666665,242.60476666666665,247.15476666666666,248.22856666666667,236.31666666666663,254.51666666666668,,,0.0,0.0,0.0,13,50
2019-08-29 13:55:00,244.05,244.5,243.9,244.45,65609,2019-08-29,2019,243.1833333333333,240.86666666666665,247.73333333333332,249.96666666666667,247.65,243.1,246.15,245.5,245.41666666666666,243.67856666666665,242.60476666666665,247.15476666666666,248.22856666666667,236.31666666666663,254.51666666666668,,,0.0,0.0,0.0,13,55
2019-08-29 14:00:00,244.45,244.65,244.1,244.6,110008,2019-08-29,2019,243.1833333333333,240.86666666666665,247.73333333333332,249.96666666666667,247.65,243.1,246.15,245.5,245.41666666666666,243.67856666666665,242.60476666666665,247.15476666666666,248.22856666666667,236.31666666666663,254.51666666666668,,,0.0,0.0,0.0,14,0
2019-08-29 14:05:00,244.6,245.1,244.5,245.0,75886,2019-08-29,2019,243.1833333333333,240.86666666666665,247.73333333333332,249.96666666666667,247.65,243.1,246.15,245.5,245.41666666666666,243.67856666666665,242.60476666666665,247.15476666666666,248.22856666666667,236.31666666666663,254.51666666666668,,,0.0,0.0,0.0,14,5
2019-08-29 14:10:00,245.0,245.45,244.95,245.35,112474,2019-08-29,2019,243.1833333333333,240.86666666666665,247.73333333333332,249.96666666666667,247.65,243.1,246.15,245.5,245.41666666666666,243.67856666666665,242.60476666666665,247.15476666666666,248.22856666666667,236.31666666666663,254.51666666666668,Exit,Buy,245.4,247.20476666666667,242.75,14,10
2019-08-29 14:15:00,245.35,245.45,244.9,245.2,79887,2019-08-29,2019,243.1833333333333,240.86666666666665,247.73333333333332,249.96666666666667,247.65,243.1,246.15,245.5,245.41666666666666,243.67856666666665,242.60476666666665,247.15476666666666,248.22856666666667,236.31666666666663,254.51666666666668,,,0.0,0.0,0.0,14,15
2019-08-29 14:20:00,245.2,245.25,245.0,245.15,13941,2019-08-29,2019,243.1833333333333,240.86666666666665,247.73333333333332,249.96666666666667,247.65,243.1,246.15,245.5,245.41666666666666,243.67856666666665,242.60476666666665,247.15476666666666,248.22856666666667,236.31666666666663,254.51666666666668,,,0.0,0.0,0.0,14,20
2019-08-29 14:25:00,245.15,245.2,244.6,244.6,35447,2019-08-29,2019,243.1833333333333,240.86666666666665,247.73333333333332,249.96666666666667,247.65,243.1,246.15,245.5,245.41666666666666,243.67856666666665,242.60476666666665,247.15476666666666,248.22856666666667,236.31666666666663,254.51666666666668,,,0.0,0.0,0.0,14,25
2019-08-29 14:30:00,244.6,244.75,244.4,244.5,76639,2019-08-29,2019,243.1833333333333,240.86666666666665,247.73333333333332,249.96666666666667,247.65,243.1,246.15,245.5,245.41666666666666,243.67856666666665,242.60476666666665,247.15476666666666,248.22856666666667,236.31666666666663,254.51666666666668,,,0.0,0.0,0.0,14,30
2019-08-29 14:35:00,244.5,244.65,244.15,244.4,24924,2019-08-29,2019,243.1833333333333,240.86666666666665,247.73333333333332,249.96666666666667,247.65,243.1,246.15,245.5,245.41666666666666,243.67856666666665,242.60476666666665,247.15476666666666,248.22856666666667,236.31666666666663,254.51666666666668,,,0.0,0.0,0.0,14,35
2019-08-29 14:40:00,244.4,244.65,244.0,244.0,25378,2019-08-29,2019,243.1833333333333,240.86666666666665,247.73333333333332,249.96666666666667,247.65,243.1,246.15,245.5,245.41666666666666,243.67856666666665,242.60476666666665,247.15476666666666,248.22856666666667,236.31666666666663,254.51666666666668,,,0.0,0.0,0.0,14,40
2019-08-29 14:45:00,244.0,244.3,243.8,243.95,43417,2019-08-29,2019,243.1833333333333,240.86666666666665,247.73333333333332,249.96666666666667,247.65,243.1,246.15,245.5,245.41666666666666,243.67856666666665,242.60476666666665,247.15476666666666,248.22856666666667,236.31666666666663,254.51666666666668,,,0.0,0.0,0.0,14,45
2019-08-29 14:50:00,243.8,244.05,243.8,244.0,21060,2019-08-29,2019,243.1833333333333,240.86666666666665,247.73333333333332,249.96666666666667,247.65,243.1,246.15,245.5,245.41666666666666,243.67856666666665,242.60476666666665,247.15476666666666,248.22856666666667,236.31666666666663,254.51666666666668,,,0.0,0.0,0.0,14,50
2019-08-29 14:55:00,244.0,244.0,243.6,243.65,33884,2019-08-29,2019,243.1833333333333,240.86666666666665,247.73333333333332,249.96666666666667,247.65,243.1,246.15,245.5,245.41666666666666,243.67856666666665,242.60476666666665,247.15476666666666,248.22856666666667,236.31666666666663,254.51666666666668,,,0.0,0.0,0.0,14,55
2019-08-29 15:00:00,243.65,243.65,240.4,240.4,1112551,2019-08-29,2019,243.1833333333333,240.86666666666665,247.73333333333332,249.96666666666667,247.65,243.1,246.15,245.5,245.41666666666666,243.67856666666665,242.60476666666665,247.15476666666666,248.22856666666667,236.31666666666663,254.51666666666668,Exit,Sell,242.75,238.66666666666663,245.45,15,0
2019-08-29 15:05:00,240.4,240.9,240.2,240.55,1045959,2019-08-29,2019,243.1833333333333,240.86666666666665,247.73333333333332,249.96666666666667,247.65,243.1,246.15,245.5,245.41666666666666,243.67856666666665,242.60476666666665,247.15476666666666,248.22856666666667,236.31666666666663,254.51666666666668,,,0.0,0.0,0.0,15,5
2019-08-29 15:10:00,240.5,242.15,240.5,241.3,1155417,2019-08-29,2019,243.1833333333333,240.86666666666665,247.73333333333332,249.96666666666667,247.65,243.1,246.15,245.5,245.41666666666666,243.67856666666665,242.60476666666665,247.15476666666666,248.22856666666667,236.31666666666663,254.51666666666668,Exit,Buy,241.53625,242.84101666666663,240.2,15,10
2019-08-29 15:15:00,241.15,241.55,241.0,241.4,1116231,2019-08-29,2019,243.1833333333333,240.86666666666665,247.73333333333332,249.96666666666667,247.65,243.1,246.15,245.5,245.41666666666666,243.67856666666665,242.60476666666665,247.15476666666666,248.22856666666667,236.31666666666663,254.51666666666668,,,0.0,0.0,0.0,15,15
2019-08-29 15:20:00,241.45,241.85,241.3,241.55,1131435,2019-08-29,2019,243.1833333333333,240.86666666666665,247.73333333333332,249.96666666666667,247.65,243.1,246.15,245.5,245.41666666666666,243.67856666666665,242.60476666666665,247.15476666666666,248.22856666666667,236.31666666666663,254.51666666666668,Exit,Sell,241.55,0.0,0.0,15,20
2019-08-29 15:25:00,241.55,241.95,241.3,241.65,1167312,2019-08-29,2019,243.1833333333333,240.86666666666665,247.73333333333332,249.96666666666667,247.65,243.1,246.15,245.5,245.41666666666666,243.67856666666665,242.60476666666665,247.15476666666666,248.22856666666667,236.31666666666663,254.51666666666668,,,0.0,0.0,0.0,15,25
2019-08-30 09:15:00,242.75,244.0,242.4,243.4,269658,2019-08-30,2019,239.41666666666663,237.1833333333333,244.66666666666663,247.6833333333333,245.45,240.2,243.95,241.65,242.4333333333333,240.4278333333333,239.18883333333332,244.43883333333332,245.6778333333333,231.9333333333333,252.9333333333333,,,0.0,0.0,0.0,9,15
2019-08-30 09:20:00,243.4,244.65,243.3,244.25,281294,2019-08-30,2019,239.41666666666663,237.1833333333333,244.66666666666663,247.6833333333333,245.45,240.2,243.95,241.65,242.4333333333333,240.4278333333333,239.18883333333332,244.43883333333332,245.6778333333333,231.9333333333333,252.9333333333333,Entry,Buy,244.25,245.6778333333333,242.4,9,20
2019-08-30 09:25:00,244.25,244.9,244.1,244.25,170010,2019-08-30,2019,239.41666666666663,237.1833333333333,244.66666666666663,247.6833333333333,245.45,240.2,243.95,241.65,242.4333333333333,240.4278333333333,239.18883333333332,244.43883333333332,245.6778333333333,231.9333333333333,252.9333333333333,,,0.0,0.0,0.0,9,25
2019-08-30 09:30:00,244.4,244.95,244.25,244.85,101954,2019-08-30,2019,239.41666666666663,237.1833333333333,244.66666666666663,247.6833333333333,245.45,240.2,243.95,241.65,242.4333333333333,240.4278333333333,239.18883333333332,244.43883333333332,245.6778333333333,231.9333333333333,252.9333333333333,,,0.0,0.0,0.0,9,30
2019-08-30 09:35:00,244.95,245.35,244.85,245.25,138145,2019-08-30,2019,239.41666666666663,237.1833333333333,244.66666666666663,247.6833333333333,245.45,240.2,243.95,241.65,242.4333333333333,240.4278333333333,239.18883333333332,244.43883333333332,245.6778333333333,231.9333333333333,252.9333333333333,,,0.0,0.0,0.0,9,35
2019-08-30 09:40:00,245.45,246.25,245.4,246.2,257943,2019-08-30,2019,239.41666666666663,237.1833333333333,244.66666666666663,247.6833333333333,245.45,240.2,243.95,241.65,242.4333333333333,240.4278333333333,239.18883333333332,244.43883333333332,245.6778333333333,231.9333333333333,252.9333333333333,Exit,Sell,245.6778333333333,0.0,0.0,9,40
2019-08-30 09:45:00,246.15,246.2,245.4,245.45,111165,2019-08-30,2019,239.41666666666663,237.1833333333333,244.66666666666663,247.6833333333333,245.45,240.2,243.95,241.65,242.4333333333333,240.4278333333333,239.18883333333332,244.43883333333332,245.6778333333333,231.9333333333333,252.9333333333333,,,0.0,0.0,0.0,9,45
2019-08-30 09:50:00,245.45,245.55,245.1,245.1,59518,2019-08-30,2019,239.41666666666663,237.1833333333333,244.66666666666663,247.6833333333333,245.45,240.2,243.95,241.65,242.4333333333333,240.4278333333333,239.18883333333332,244.43883333333332,245.6778333333333,231.9333333333333,252.9333333333333,,,0.0,0.0,0.0,9,50
2019-08-30 09:55:00,245.2,245.2,244.65,244.9,113525,2019-08-30,2019,239.41666666666663,237.1833333333333,244.66666666666663,247.6833333333333,245.45,240.2,243.95,241.65,242.4333333333333,240.4278333333333,239.18883333333332,244.43883333333332,245.6778333333333,231.9333333333333,252.9333333333333,,,0.0,0.0,0.0,9,55
2019-08-30 10:00:00,244.9,245.0,244.7,244.7,67899,2019-08-30,2019,239.41666666666663,237.1833333333333,244.66666666666663,247.6833333333333,245.45,240.2,243.95,241.65,242.4333333333333,240.4278333333333,239.18883333333332,244.43883333333332,245.6778333333333,231.9333333333333,252.9333333333333,,,0.0,0.0,0.0,10,0
2019-08-30 10:05:00,244.7,244.8,244.15,244.7,81580,2019-08-30,2019,239.41666666666663,237.1833333333333,244.66666666666663,247.6833333333333,245.45,240.2,243.95,241.65,242.4333333333333,240.4278333333333,239.18883333333332,244.43883333333332,245.6778333333333,231.9333333333333,252.9333333333333,,,0.0,0.0,0.0,10,5
2019-08-30 10:10:00,244.7,244.8,244.05,244.1,74123,2019-08-30,2019,239.41666666666663,237.1833333333333,244.66666666666663,247.6833333333333,245.45,240.2,243.95,241.65,242.4333333333333,240.4278333333333,239.18883333333332,244.43883333333332,245.6778333333333,231.9333333333333,252.9333333333333,,,0.0,0.0,0.0,10,10
2019-08-30 10:15:00,244.05,244.05,243.05,243.35,154782,2019-08-30,2019,239.41666666666663,237.1833333333333,244.66666666666663,247.6833333333333,245.45,240.2,243.95,241.65,242.4333333333333,240.4278333333333,239.18883333333332,244.43883333333332,245.6778333333333,231.9333333333333,252.9333333333333,,,0.0,0.0,0.0,10,15
2019-08-30 10:20:00,243.3,244.1,243.0,243.65,134369,2019-08-30,2019,239.41666666666663,237.1833333333333,244.66666666666663,247.6833333333333,245.45,240.2,243.95,241.65,242.4333333333333,240.4278333333333,239.18883333333332,244.43883333333332,245.6778333333333,231.9333333333333,252.9333333333333,,,0.0,0.0,0.0,10,20
2019-08-30 10:25:00,243.65,243.95,243.55,243.6,62087,2019-08-30,2019,239.41666666666663,237.1833333333333,244.66666666666663,247.6833333333333,245.45,240.2,243.95,241.65,242.4333333333333,240.4278333333333,239.18883333333332,244.43883333333332,245.6778333333333,231.9333333333333,252.9333333333333,,,0.0,0.0,0.0,10,25
2019-08-30 10:30:00,243.65,243.75,243.05,243.2,102475,2019-08-30,2019,239.41666666666663,237.1833333333333,244.66666666666663,247.6833333333333,245.45,240.2,243.95,241.65,242.4333333333333,240.4278333333333,239.18883333333332,244.43883333333332,245.6778333333333,231.9333333333333,252.9333333333333,,,0.0,0.0,0.0,10,30
2019-08-30 10:35:00,243.2,243.6,243.05,243.3,49911,2019-08-30,2019,239.41666666666663,237.1833333333333,244.66666666666663,247.6833333333333,245.45,240.2,243.95,241.65,242.4333333333333,240.4278333333333,239.18883333333332,244.43883333333332,245.6778333333333,231.9333333333333,252.9333333333333,,,0.0,0.0,0.0,10,35
2019-08-30 10:40:00,243.3,243.4,243.0,243.3,95699,2019-08-30,2019,239.41666666666663,237.1833333333333,244.66666666666663,247.6833333333333,245.45,240.2,243.95,241.65,242.4333333333333,240.4278333333333,239.18883333333332,244.43883333333332,245.6778333333333,231.9333333333333,252.9333333333333,,,0.0,0.0,0.0,10,40
2019-08-30 10:45:00,243.3,243.3,243.1,243.25,29509,2019-08-30,2019,239.41666666666663,237.1833333333333,244.66666666666663,247.6833333333333,245.45,240.2,243.95,241.65,242.4333333333333,240.4278333333333,239.18883333333332,244.43883333333332,245.6778333333333,231.9333333333333,252.9333333333333,,,0.0,0.0,0.0,10,45
2019-08-30 10:50:00,243.25,243.6,243.2,243.6,54714,2019-08-30,2019,239.41666666666663,237.1833333333333,244.66666666666663,247.6833333333333,245.45,240.2,243.95,241.65,242.4333333333333,240.4278333333333,239.18883333333332,244.43883333333332,245.6778333333333,231.9333333333333,252.9333333333333,,,0.0,0.0,0.0,10,50
2019-08-30 10:55:00,243.6,243.8,243.4,243.55,54157,2019-08-30,2019,239.41666666666663,237.1833333333333,244.66666666666663,247.6833333333333,245.45,240.2,243.95,241.65,242.4333333333333,240.4278333333333,239.18883333333332,244.43883333333332,245.6778333333333,231.9333333333333,252.9333333333333,,,0.0,0.0,0.0,10,55
2019-08-30 11:00:00,243.5,243.55,243.0,243.2,102154,2019-08-30,2019,239.41666666666663,237.1833333333333,244.66666666666663,247.6833333333333,245.45,240.2,243.95,241.65,242.4333333333333,240.4278333333333,239.18883333333332,244.43883333333332,245.6778333333333,231.9333333333333,252.9333333333333,,,0.0,0.0,0.0,11,0
2019-08-30 11:05:00,243.2,243.2,242.25,242.45,261592,2019-08-30,2019,239.41666666666663,237.1833333333333,244.66666666666663,247.6833333333333,245.45,240.2,243.95,241.65,242.4333333333333,240.4278333333333,239.18883333333332,244.43883333333332,245.6778333333333,231.9333333333333,252.9333333333333,Entry,Sell,242.4,240.3778333333333,246.25,11,5
2019-08-30 11:10:00,242.45,242.5,239.85,241.5,398853,2019-08-30,2019,239.41666666666663,237.1833333333333,244.66666666666663,247.6833333333333,245.45,240.2,243.95,241.65,242.4333333333333,240.4278333333333,239.18883333333332,244.43883333333332,245.6778333333333,231.9333333333333,252.9333333333333,Exit,Buy,240.3778333333333,0.0,0.0,11,10
2019-08-30 11:15:00,241.35,241.6,240.25,240.6,241266,2019-08-30,2019,239.41666666666663,237.1833333333333,244.66666666666663,247.6833333333333,245.45,240.2,243.95,241.65,242.4333333333333,240.4278333333333,239.18883333333332,244.43883333333332,245.6778333333333,231.9333333333333,252.9333333333333,,,0.0,0.0,0.0,11,15
2019-08-30 11:20:00,240.7,240.95,240.35,240.5,301507,2019-08-30,2019,239.41666666666663,237.1833333333333,244.66666666666663,247.6833333333333,245.45,240.2,243.95,241.65,242.4333333333333,240.4278333333333,239.18883333333332,244.43883333333332,245.6778333333333,231.9333333333333,252.9333333333333,,,0.0,0.0,0.0,11,20
2019-08-30 11:25:00,240.3,240.65,240.15,240.6,175794,2019-08-30,2019,239.41666666666663,237.1833333333333,244.66666666666663,247.6833333333333,245.45,240.2,243.95,241.65,242.4333333333333,240.4278333333333,239.18883333333332,244.43883333333332,245.6778333333333,231.9333333333333,252.9333333333333,,,0.0,0.0,0.0,11,25
2019-08-30 11:30:00,240.6,240.65,239.05,239.25,195790,2019-08-30,2019,239.41666666666663,237.1833333333333,244.66666666666663,247.6833333333333,245.45,240.2,243.95,241.65,242.4333333333333,240.4278333333333,239.18883333333332,244.43883333333332,245.6778333333333,231.9333333333333,252.9333333333333,,,0.0,0.0,0.0,11,30
2019-08-30 11:35:00,239.25,239.65,239.05,239.65,203982,2019-08-30,2019,239.41666666666663,237.1833333333333,244.66666666666663,247.6833333333333,245.45,240.2,243.95,241.65,242.4333333333333,240.4278333333333,239.18883333333332,244.43883333333332,245.6778333333333,231.9333333333333,252.9333333333333,,,0.0,0.0,0.0,11,35
2019-08-30 11:40:00,239.65,240.15,239.3,239.95,158706,2019-08-30,2019,239.41666666666663,237.1833333333333,244.66666666666663,247.6833333333333,245.45,240.2,243.95,241.65,242.4333333333333,240.4278333333333,239.18883333333332,244.43883333333332,245.6778333333333,231.9333333333333,252.9333333333333,,,0.0,0.0,0.0,11,40
2019-08-30 11:45:00,239.9,240.3,239.8,240.0,96565,2019-08-30,2019,239.41666666666663,237.1833333333333,244.66666666666663,247.6833333333333,245.45,240.2,243.95,241.65,242.4333333333333,240.4278333333333,239.18883333333332,244.43883333333332,245.6778333333333,231.9333333333333,252.9333333333333,,,0.0,0.0,0.0,11,45
2019-08-30 11:50:00,240.0,240.7,240.0,240.5,118965,2019-08-30,2019,239.41666666666663,237.1833333333333,244.66666666666663,247.6833333333333,245.45,240.2,243.95,241.65,242.4333333333333,240.4278333333333,239.18883333333332,244.43883333333332,245.6778333333333,231.9333333333333,252.9333333333333,,,0.0,0.0,0.0,11,50
2019-08-30 11:55:00,240.45,240.85,240.35,240.65,76107,2019-08-30,2019,239.41666666666663,237.1833333333333,244.66666666666663,247.6833333333333,245.45,240.2,243.95,241.65,242.4333333333333,240.4278333333333,239.18883333333332,244.43883333333332,245.6778333333333,231.9333333333333,252.9333333333333,,,0.0,0.0,0.0,11,55
2019-08-30 12:00:00,240.65,241.2,240.55,240.8,98670,2019-08-30,2019,239.41666666666663,237.1833333333333,244.66666666666663,247.6833333333333,245.45,240.2,243.95,241.65,242.4333333333333,240.4278333333333,239.18883333333332,244.43883333333332,245.6778333333333,231.9333333333333,252.9333333333333,,,0.0,0.0,0.0,12,0
2019-08-30 12:05:00,240.85,241.55,240.75,241.45,112668,2019-08-30,2019,239.41666666666663,237.1833333333333,244.66666666666663,247.6833333333333,245.45,240.2,243.95,241.65,242.4333333333333,240.4278333333333,239.18883333333332,244.43883333333332,245.6778333333333,231.9333333333333,252.9333333333333,,,0.0,0.0,0.0,12,5
2019-08-30 12:10:00,241.3,241.95,241.3,241.85,114745,2019-08-30,2019,239.41666666666663,237.1833333333333,244.66666666666663,247.6833333333333,245.45,240.2,243.95,241.65,242.4333333333333,240.4278333333333,239.18883333333332,244.43883333333332,245.6778333333333,231.9333333333333,252.9333333333333,,,0.0,0.0,0.0,12,10
2019-08-30 12:15:00,241.85,242.1,241.6,241.8,117427,2019-08-30,2019,239.41666666666663,237.1833333333333,244.66666666666663,247.6833333333333,245.45,240.2,243.95,241.65,242.4333333333333,240.4278333333333,239.18883333333332,244.43883333333332,245.6778333333333,231.9333333333333,252.9333333333333,,,0.0,0.0,0.0,12,15
2019-08-30 12:20:00,241.8,242.3,241.75,242.2,78745,2019-08-30,2019,239.41666666666663,237.1833333333333,244.66666666666663,247.6833333333333,245.45,240.2,243.95,241.65,242.4333333333333,240.4278333333333,239.18883333333332,244.43883333333332,245.6778333333333,231.9333333333333,252.9333333333333,,,0.0,0.0,0.0,12,20
2019-08-30 12:25:00,242.2,242.5,242.05,242.4,66928,2019-08-30,2019,239.41666666666663,237.1833333333333,244.66666666666663,247.6833333333333,245.45,240.2,243.95,241.65,242.4333333333333,240.4278333333333,239.18883333333332,244.43883333333332,245.6778333333333,231.9333333333333,252.9333333333333,,,0.0,0.0,0.0,12,25
2019-08-30 12:30:00,242.4,242.7,241.9,242.0,90659,2019-08-30,2019,239.41666666666663,237.1833333333333,244.66666666666663,247.6833333333333,245.45,240.2,243.95,241.65,242.4333333333333,240.4278333333333,239.18883333333332,244.43883333333332,245.6778333333333,231.9333333333333,252.9333333333333,,,0.0,0.0,0.0,12,30
2019-08-30 12:35:00,242.05,242.75,241.9,242.75,82039,2019-08-30,2019,239.41666666666663,237.1833333333333,244.66666666666663,247.6833333333333,245.45,240.2,243.95,241.65,242.4333333333333,240.4278333333333,239.18883333333332,244.43883333333332,245.6778333333333,231.9333333333333,252.9333333333333,,,0.0,0.0,0.0,12,35
2019-08-30 12:40:00,242.75,243.2,242.75,243.1,70242,2019-08-30,2019,239.41666666666663,237.1833333333333,244.66666666666663,247.6833333333333,245.45,240.2,243.95,241.65,242.4333333333333,240.4278333333333,239.18883333333332,244.43883333333332,245.6778333333333,231.9333333333333,252.9333333333333,,,0.0,0.0,0.0,12,40
2019-08-30 12:45:00,243.1,243.1,242.85,243.0,79568,2019-08-30,2019,239.41666666666663,237.1833333333333,244.66666666666663,247.6833333333333,245.45,240.2,243.95,241.65,242.4333333333333,240.4278333333333,239.18883333333332,244.43883333333332,245.6778333333333,231.9333333333333,252.9333333333333,,,0.0,0.0,0.0,12,45
2019-08-30 12:50:00,243.0,243.05,242.9,243.0,38608,2019-08-30,2019,239.41666666666663,237.1833333333333,244.66666666666663,247.6833333333333,245.45,240.2,243.95,241.65,242.4333333333333,240.4278333333333,239.18883333333332,244.43883333333332,245.6778333333333,231.9333333333333,252.9333333333333,,,0.0,0.0,0.0,12,50
2019-08-30 12:55:00,243.0,243.9,242.95,243.85,108303,2019-08-30,2019,239.41666666666663,237.1833333333333,244.66666666666663,247.6833333333333,245.45,240.2,243.95,241.65,242.4333333333333,240.4278333333333,239.18883333333332,244.43883333333332,245.6778333333333,231.9333333333333,252.9333333333333,,,0.0,0.0,0.0,12,55
2019-08-30 13:00:00,243.75,244.0,243.2,243.3,95452,2019-08-30,2019,239.41666666666663,237.1833333333333,244.66666666666663,247.6833333333333,245.45,240.2,243.95,241.65,242.4333333333333,240.4278333333333,239.18883333333332,244.43883333333332,245.6778333333333,231.9333333333333,252.9333333333333,,,0.0,0.0,0.0,13,0
2019-08-30 13:05:00,243.3,244.25,243.25,244.25,87331,2019-08-30,2019,239.41666666666663,237.1833333333333,244.66666666666663,247.6833333333333,245.45,240.2,243.95,241.65,242.4333333333333,240.4278333333333,239.18883333333332,244.43883333333332,245.6778333333333,231.9333333333333,252.9333333333333,,,0.0,0.0,0.0,13,5
2019-08-30 13:10:00,244.25,245.3,244.2,245.15,202087,2019-08-30,2019,239.41666666666663,237.1833333333333,244.66666666666663,247.6833333333333,245.45,240.2,243.95,241.65,242.4333333333333,240.4278333333333,239.18883333333332,244.43883333333332,245.6778333333333,231.9333333333333,252.9333333333333,,,0.0,0.0,0.0,13,10
2019-08-30 13:15:00,245.2,245.2,244.35,244.55,89510,2019-08-30,2019,239.41666666666663,237.1833333333333,244.66666666666663,247.6833333333333,245.45,240.2,243.95,241.65,242.4333333333333,240.4278333333333,239.18883333333332,244.43883333333332,245.6778333333333,231.9333333333333,252.9333333333333,,,0.0,0.0,0.0,13,15
2019-08-30 13:20:00,244.55,244.55,244.1,244.25,79615,2019-08-30,2019,239.41666666666663,237.1833333333333,244.66666666666663,247.6833333333333,245.45,240.2,243.95,241.65,242.4333333333333,240.4278333333333,239.18883333333332,244.43883333333332,245.6778333333333,231.9333333333333,252.9333333333333,,,0.0,0.0,0.0,13,20
2019-08-30 13:25:00,244.25,244.3,243.45,244.2,147492,2019-08-30,2019,239.41666666666663,237.1833333333333,244.66666666666663,247.6833333333333,245.45,240.2,243.95,241.65,242.4333333333333,240.4278333333333,239.18883333333332,244.43883333333332,245.6778333333333,231.9333333333333,252.9333333333333,,,0.0,0.0,0.0,13,25
2019-08-30 13:30:00,244.15,244.35,244.0,244.05,72892,2019-08-30,2019,239.41666666666663,237.1833333333333,244.66666666666663,247.6833333333333,245.45,240.2,243.95,241.65,242.4333333333333,240.4278333333333,239.18883333333332,244.43883333333332,245.6778333333333,231.9333333333333,252.9333333333333,,,0.0,0.0,0.0,13,30
2019-08-30 13:35:00,244.05,244.8,244.0,244.7,69942,2019-08-30,2019,239.41666666666663,237.1833333333333,244.66666666666663,247.6833333333333,245.45,240.2,243.95,241.65,242.4333333333333,240.4278333333333,239.18883333333332,244.43883333333332,245.6778333333333,231.9333333333333,252.9333333333333,,,0.0,0.0,0.0,13,35
2019-08-30 13:40:00,244.7,245.0,244.6,245.0,125067,2019-08-30,2019,239.41666666666663,237.1833333333333,244.66666666666663,247.6833333333333,245.45,240.2,243.95,241.65,242.4333333333333,240.4278333333333,239.18883333333332,244.43883333333332,245.6778333333333,231.9333333333333,252.9333333333333,,,0.0,0.0,0.0,13,40
2019-08-30 13:45:00,244.95,245.45,244.9,245.4,140296,2019-08-30,2019,239.41666666666663,237.1833333333333,244.66666666666663,247.6833333333333,245.45,240.2,243.95,241.65,242.4333333333333,240.4278333333333,239.18883333333332,244.43883333333332,245.6778333333333,231.9333333333333,252.9333333333333,,,0.0,0.0,0.0,13,45
2019-08-30 13:50:00,245.4,245.85,245.15,245.7,176200,2019-08-30,2019,239.41666666666663,237.1833333333333,244.66666666666663,247.6833333333333,245.45,240.2,243.95,241.65,242.4333333333333,240.4278333333333,239.18883333333332,244.43883333333332,245.6778333333333,231.9333333333333,252.9333333333333,,,0.0,0.0,0.0,13,50
2019-08-30 13:55:00,245.7,245.75,245.35,245.45,79181,2019-08-30,2019,239.41666666666663,237.1833333333333,244.66666666666663,247.6833333333333,245.45,240.2,243.95,241.65,242.4333333333333,240.4278333333333,239.18883333333332,244.43883333333332,245.6778333333333,231.9333333333333,252.9333333333333,,,0.0,0.0,0.0,13,55
2019-08-30 14:00:00,245.45,246.4,245.4,246.2,214275,2019-08-30,2019,239.41666666666663,237.1833333333333,244.66666666666663,247.6833333333333,245.45,240.2,243.95,241.65,242.4333333333333,240.4278333333333,239.18883333333332,244.43883333333332,245.6778333333333,231.9333333333333,252.9333333333333,Entry,Buy,246.25,247.73333333333332,239.05,14,0
2019-08-30 14:05:00,246.25,246.35,245.65,245.75,113482,2019-08-30,2019,239.41666666666663,237.1833333333333,244.66666666666663,247.6833333333333,245.45,240.2,243.95,241.65,242.4333333333333,240.4278333333333,239.18883333333332,244.43883333333332,245.6778333333333,231.9333333333333,252.9333333333333,,,0.0,0.0,0.0,14,5
2019-08-30 14:10:00,245.75,246.2,245.75,246.05,99808,2019-08-30,2019,239.41666666666663,237.1833333333333,244.66666666666663,247.6833333333333,245.45,240.2,243.95,241.65,242.4333333333333,240.4278333333333,239.18883333333332,244.43883333333332,245.6778333333333,231.9333333333333,252.9333333333333,,,0.0,0.0,0.0,14,10
2019-08-30 14:15:00,246.05,246.1,245.6,245.75,121317,2019-08-30,2019,239.41666666666663,237.1833333333333,244.66666666666663,247.6833333333333,245.45,240.2,243.95,241.65,242.4333333333333,240.4278333333333,239.18883333333332,244.43883333333332,245.6778333333333,231.9333333333333,252.9333333333333,,,0.0,0.0,0.0,14,15
2019-08-30 14:20:00,245.8,245.9,245.35,245.6,86400,2019-08-30,2019,239.41666666666663,237.1833333333333,244.66666666666663,247.6833333333333,245.45,240.2,243.95,241.65,242.4333333333333,240.4278333333333,239.18883333333332,244.43883333333332,245.6778333333333,231.9333333333333,252.9333333333333,,,0.0,0.0,0.0,14,20
2019-08-30 14:25:00,245.6,247.15,245.6,246.8,315067,2019-08-30,2019,239.41666666666663,237.1833333333333,244.66666666666663,247.6833333333333,245.45,240.2,243.95,241.65,242.4333333333333,240.4278333333333,239.18883333333332,244.43883333333332,245.6778333333333,231.9333333333333,252.9333333333333,,,0.0,0.0,0.0,14,25
2019-08-30 14:30:00,246.75,247.0,246.15,246.25,157565,2019-08-30,2019,239.41666666666663,237.1833333333333,244.66666666666663,247.6833333333333,245.45,240.2,243.95,241.65,242.4333333333333,240.4278333333333,239.18883333333332,244.43883333333332,245.6778333333333,231.9333333333333,252.9333333333333,,,0.0,0.0,0.0,14,30
2019-08-30 14:35:00,246.25,246.3,245.55,245.7,213302,2019-08-30,2019,239.41666666666663,237.1833333333333,244.66666666666663,247.6833333333333,245.45,240.2,243.95,241.65,242.4333333333333,240.4278333333333,239.18883333333332,244.43883333333332,245.6778333333333,231.9333333333333,252.9333333333333,,,0.0,0.0,0.0,14,35
2019-08-30 14:40:00,245.75,246.1,245.65,245.85,150743,2019-08-30,2019,239.41666666666663,237.1833333333333,244.66666666666663,247.6833333333333,245.45,240.2,243.95,241.65,242.4333333333333,240.4278333333333,239.18883333333332,244.43883333333332,245.6778333333333,231.9333333333333,252.9333333333333,,,0.0,0.0,0.0,14,40
2019-08-30 14:45:00,245.9,246.0,245.7,245.8,129413,2019-08-30,2019,239.41666666666663,237.1833333333333,244.66666666666663,247.6833333333333,245.45,240.2,243.95,241.65,242.4333333333333,240.4278333333333,239.18883333333332,244.43883333333332,245.6778333333333,231.9333333333333,252.9333333333333,,,0.0,0.0,0.0,14,45
2019-08-30 14:50:00,245.8,245.95,245.45,245.5,100739,2019-08-30,2019,239.41666666666663,237.1833333333333,244.66666666666663,247.6833333333333,245.45,240.2,243.95,241.65,242.4333333333333,240.4278333333333,239.18883333333332,244.43883333333332,245.6778333333333,231.9333333333333,252.9333333333333,,,0.0,0.0,0.0,14,50
2019-08-30 14:55:00,245.45,246.0,245.0,245.15,163542,2019-08-30,2019,239.41666666666663,237.1833333333333,244.66666666666663,247.6833333333333,245.45,240.2,243.95,241.65,242.4333333333333,240.4278333333333,239.18883333333332,244.43883333333332,245.6778333333333,231.9333333333333,252.9333333333333,,,0.0,0.0,0.0,14,55
2019-08-30 15:00:00,245.2,245.5,244.8,245.4,516269,2019-08-30,2019,239.41666666666663,237.1833333333333,244.66666666666663,247.6833333333333,245.45,240.2,243.95,241.65,242.4333333333333,240.4278333333333,239.18883333333332,244.43883333333332,245.6778333333333,231.9333333333333,252.9333333333333,,,0.0,0.0,0.0,15,0
2019-08-30 15:05:00,245.45,245.95,245.2,245.7,414175,2019-08-30,2019,239.41666666666663,237.1833333333333,244.66666666666663,247.6833333333333,245.45,240.2,243.95,241.65,242.4333333333333,240.4278333333333,239.18883333333332,244.43883333333332,245.6778333333333,231.9333333333333,252.9333333333333,,,0.0,0.0,0.0,15,5
2019-08-30 15:10:00,245.8,245.9,245.45,245.85,375641,2019-08-30,2019,239.41666666666663,237.1833333333333,244.66666666666663,247.6833333333333,245.45,240.2,243.95,241.65,242.4333333333333,240.4278333333333,239.18883333333332,244.43883333333332,245.6778333333333,231.9333333333333,252.9333333333333,,,0.0,0.0,0.0,15,10
2019-08-30 15:15:00,245.85,246.0,245.55,245.8,470862,2019-08-30,2019,239.41666666666663,237.1833333333333,244.66666666666663,247.6833333333333,245.45,240.2,243.95,241.65,242.4333333333333,240.4278333333333,239.18883333333332,244.43883333333332,245.6778333333333,231.9333333333333,252.9333333333333,,,0.0,0.0,0.0,15,15
2019-08-30 15:20:00,245.75,246.15,245.7,246.1,452839,2019-08-30,2019,239.41666666666663,237.1833333333333,244.66666666666663,247.6833333333333,245.45,240.2,243.95,241.65,242.4333333333333,240.4278333333333,239.18883333333332,244.43883333333332,245.6778333333333,231.9333333333333,252.9333333333333,Exit,Sell,246.1,0.0,0.0,15,20
2019-08-30 15:25:00,246.15,246.3,245.4,245.5,271355,2019-08-30,2019,239.41666666666663,237.1833333333333,244.66666666666663,247.6833333333333,245.45,240.2,243.95,241.65,242.4333333333333,240.4278333333333,239.18883333333332,244.43883333333332,245.6778333333333,231.9333333333333,252.9333333333333,,,0.0,0.0,0.0,15,25
